###################################################################################################
### CosmicWatch: The Desktop Muon Detector
### Device ID: BartonZwiebach
### Launch time: 0:00:06 1/1/2019
### Questions? Email Spencer N. Axani (saxani@mit.edu)
### Event Time Date TimeStamp[ms] ADC1 ADC2 SiPM[mV] Temp[C] Pressure[Pa] DeadTime[us] Coincident ID
###################################################################################################
1	0:00:07	1/1/2019 	52	825.00	48.00	22.35	20.13	100766.19	47947	0	BartonZwiebach	
2	0:00:09	1/1/2019 	2288	154.00	9.00	8.13	20.16	100766.91	132895	0	BartonZwiebach	
3	0:00:09	1/1/2019 	2710	857.00	71.00	25.01	20.17	100767.13	49787	0	BartonZwiebach	
4	0:00:10	1/1/2019 	3176	64.00	8.00	5.92	20.18	100767.19	1850	0	BartonZwiebach	
5	0:00:10	1/1/2019 	3689	561.00	10.00	13.66	20.19	100767.04	49782	0	BartonZwiebach	
6	0:00:10	1/1/2019 	3766	104.00	9.00	6.70	20.19	100767.04	1850	0	BartonZwiebach	
7	0:00:10	1/1/2019 	3931	361.00	9.00	11.82	20.20	100766.93	1850	0	BartonZwiebach	
8	0:00:11	1/1/2019 	4332	923.00	127.00	35.26	20.21	100767.55	34887	0	BartonZwiebach	
9	0:00:11	1/1/2019 	4561	352.00	9.00	11.73	20.21	100767.55	49789	0	BartonZwiebach	
10	0:00:14	1/1/2019 	7585	712.00	12.00	15.66	20.28	100767.73	145656	0	BartonZwiebach	
11	0:00:17	1/1/2019 	10133	72.00	9.00	6.01	20.34	100768.91	97728	0	BartonZwiebach	
12	0:00:18	1/1/2019 	11181	130.00	9.00	7.44	20.36	100769.03	50546	0	BartonZwiebach	
13	0:00:18	1/1/2019 	11184	405.00	9.00	12.22	20.36	100769.03	1849	0	BartonZwiebach	
14	0:00:19	1/1/2019 	12055	461.00	9.00	12.64	20.38	100768.92	82964	0	BartonZwiebach	
15	0:00:19	1/1/2019 	12940	179.00	8.00	8.80	20.41	100769.17	49788	0	BartonZwiebach	
16	0:00:19	1/1/2019 	12944	185.00	9.00	8.95	20.41	100769.17	1846	0	BartonZwiebach	
17	0:00:19	1/1/2019 	12975	764.00	22.00	18.66	20.41	100769.17	1849	0	BartonZwiebach	
18	0:00:21	1/1/2019 	14749	110.00	9.00	6.87	20.46	100769.16	97722	0	BartonZwiebach	
19	0:00:22	1/1/2019 	15260	802.00	39.00	21.39	20.47	100768.95	1849	0	BartonZwiebach	
20	0:00:22	1/1/2019 	15837	753.00	18.00	17.62	20.48	100768.70	82882	0	BartonZwiebach	
21	0:00:23	1/1/2019 	16814	159.00	8.00	8.27	20.51	100768.27	49790	0	BartonZwiebach	
22	0:00:23	1/1/2019 	16891	156.00	8.00	8.19	20.51	100768.27	1848	0	BartonZwiebach	
23	0:00:24	1/1/2019 	17624	101.00	8.00	6.62	20.52	100768.23	49784	0	BartonZwiebach	
24	0:00:27	1/1/2019 	20346	975.00	745.00	133.87	20.59	100768.48	97723	0	BartonZwiebach	
25	0:00:27	1/1/2019 	20356	809.00	52.00	22.71	20.59	100768.48	2611	0	BartonZwiebach	
26	0:00:30	1/1/2019 	23701	851.00	64.00	24.10	20.67	100768.16	195729	0	BartonZwiebach	
27	0:00:31	1/1/2019 	24164	456.00	9.00	12.60	20.68	100768.28	1848	0	BartonZwiebach	
28	0:00:32	1/1/2019 	25920	569.00	9.00	13.63	20.72	100768.27	97726	0	BartonZwiebach	
29	0:00:35	1/1/2019 	28689	959.00	213.00	46.64	20.78	100768.80	145667	0	BartonZwiebach	
30	0:00:36	1/1/2019 	29251	961.00	221.00	47.38	20.79	100768.55	1850	0	BartonZwiebach	
31	0:00:36	1/1/2019 	29320	266.00	8.00	10.56	20.79	100768.55	1850	0	BartonZwiebach	
32	0:00:36	1/1/2019 	29722	158.00	9.00	8.25	20.81	100768.67	51816	0	BartonZwiebach	
33	0:00:37	1/1/2019 	30033	160.00	6.00	8.28	20.82	100769.09	2609	0	BartonZwiebach	
34	0:00:37	1/1/2019 	30055	959.00	152.00	39.60	20.82	100769.09	1849	0	BartonZwiebach	
35	0:00:39	1/1/2019 	32099	91.00	8.00	6.37	20.86	100769.23	97732	0	BartonZwiebach	
36	0:00:39	1/1/2019 	32479	545.00	9.00	13.35	20.87	100769.53	1849	0	BartonZwiebach	
37	0:00:39	1/1/2019 	32556	474.00	9.00	12.73	20.87	100769.53	49788	0	BartonZwiebach	
38	0:00:40	1/1/2019 	33356	435.00	9.00	12.45	20.88	100769.61	3966	0	BartonZwiebach	
39	0:00:41	1/1/2019 	34009	428.00	9.00	12.40	20.91	100770.48	49791	0	BartonZwiebach	
40	0:00:41	1/1/2019 	34063	958.00	156.00	40.21	20.91	100770.48	1851	0	BartonZwiebach	
41	0:00:41	1/1/2019 	34358	592.00	9.00	13.92	20.91	100770.48	1850	0	BartonZwiebach	
42	0:00:41	1/1/2019 	34556	809.00	40.00	21.51	20.92	100770.57	49787	0	BartonZwiebach	
43	0:00:43	1/1/2019 	36119	354.00	9.00	11.75	20.95	100771.36	49790	0	BartonZwiebach	
44	0:00:43	1/1/2019 	36976	665.00	9.00	14.58	20.97	100771.30	51765	0	BartonZwiebach	
45	0:00:44	1/1/2019 	37282	391.00	9.00	12.11	20.97	100771.30	1850	0	BartonZwiebach	
46	0:00:44	1/1/2019 	37964	466.00	9.00	12.67	20.99	100771.80	49789	0	BartonZwiebach	
47	0:00:45	1/1/2019 	38258	516.00	9.00	13.06	20.99	100771.80	1851	0	BartonZwiebach	
48	0:00:45	1/1/2019 	38850	908.00	101.00	30.20	21.01	100772.31	49789	0	BartonZwiebach	
49	0:00:46	1/1/2019 	39129	553.00	9.00	13.44	21.01	100772.31	1849	0	BartonZwiebach	
50	0:00:46	1/1/2019 	39369	270.00	8.00	10.62	21.02	100772.39	3825	0	BartonZwiebach	
51	0:00:46	1/1/2019 	39970	905.00	98.00	29.62	21.03	100772.28	49787	0	BartonZwiebach	
52	0:00:47	1/1/2019 	40755	168.00	9.00	8.52	21.05	100772.56	50550	0	BartonZwiebach	
53	0:00:47	1/1/2019 	40847	123.00	9.00	7.24	21.06	100772.45	1850	0	BartonZwiebach	
54	0:00:48	1/1/2019 	41956	74.00	8.00	6.03	21.08	100772.83	49785	0	BartonZwiebach	
55	0:00:50	1/1/2019 	43768	979.00	653.00	117.06	21.12	100772.77	97719	0	BartonZwiebach	
56	0:00:51	1/1/2019 	44078	157.00	8.00	8.21	21.12	100772.77	3970	0	BartonZwiebach	
57	0:00:51	1/1/2019 	44675	726.00	14.00	16.36	21.13	100772.50	49785	0	BartonZwiebach	
58	0:00:52	1/1/2019 	45197	822.00	61.00	23.69	21.14	100772.62	1853	0	BartonZwiebach	
59	0:00:52	1/1/2019 	45820	91.00	8.00	6.37	21.16	100772.63	49796	0	BartonZwiebach	
60	0:00:54	1/1/2019 	47038	151.00	9.00	8.05	21.18	100772.44	49782	0	BartonZwiebach	
61	0:00:54	1/1/2019 	47905	481.00	9.00	12.78	21.21	100772.45	49787	0	BartonZwiebach	
62	0:00:55	1/1/2019 	48095	174.00	8.00	8.67	21.21	100772.45	3881	0	BartonZwiebach	
63	0:00:55	1/1/2019 	48221	640.00	9.00	14.45	21.22	100772.37	1847	0	BartonZwiebach	
64	0:00:55	1/1/2019 	48734	538.00	9.00	13.27	21.23	100772.25	49785	0	BartonZwiebach	
65	0:00:55	1/1/2019 	48857	701.00	11.00	15.30	21.23	100772.25	1849	0	BartonZwiebach	
66	0:00:56	1/1/2019 	49017	554.00	9.00	13.45	21.23	100772.25	1850	0	BartonZwiebach	
67	0:00:56	1/1/2019 	49048	478.00	9.00	12.76	21.23	100772.25	1850	0	BartonZwiebach	
68	0:00:56	1/1/2019 	49492	109.00	9.00	6.84	21.24	100772.51	3825	0	BartonZwiebach	
69	0:00:56	1/1/2019 	49609	962.00	161.00	40.94	21.24	100772.51	49785	0	BartonZwiebach	
70	0:00:57	1/1/2019 	50005	68.00	8.00	5.95	21.25	100772.27	2610	0	BartonZwiebach	
71	0:00:57	1/1/2019 	50632	249.00	8.00	10.28	21.27	100772.62	49788	0	BartonZwiebach	
72	0:00:57	1/1/2019 	50740	844.00	67.00	24.46	21.27	100772.62	1855	0	BartonZwiebach	
73	0:00:59	1/1/2019 	52204	870.00	76.00	25.76	21.30	100772.53	49792	0	BartonZwiebach	
74	0:00:59	1/1/2019 	52808	941.00	139.00	37.46	21.31	100772.62	51909	0	BartonZwiebach	
75	0:01:01	1/1/2019 	53999	398.00	9.00	12.17	21.33	100771.94	49791	0	BartonZwiebach	
76	0:01:01	1/1/2019 	54101	512.00	9.00	13.03	21.34	100771.52	1852	0	BartonZwiebach	
77	0:01:01	1/1/2019 	54219	921.00	116.00	33.14	21.34	100771.52	1848	0	BartonZwiebach	
78	0:01:03	1/1/2019 	56802	298.00	9.00	11.06	21.40	100771.42	145670	0	BartonZwiebach	
79	0:01:04	1/1/2019 	57351	91.00	8.00	6.37	21.41	100771.31	1851	0	BartonZwiebach	
80	0:01:07	1/1/2019 	60368	89.00	8.00	6.32	21.47	100771.06	147636	0	BartonZwiebach	
81	0:01:07	1/1/2019 	60716	970.00	338.00	63.70	21.48	100771.51	50545	0	BartonZwiebach	
82	0:01:07	1/1/2019 	60861	929.00	122.00	34.31	21.48	100771.51	1851	0	BartonZwiebach	
83	0:01:07	1/1/2019 	60874	933.00	128.00	35.46	21.48	100771.51	1849	0	BartonZwiebach	
84	0:01:08	1/1/2019 	61088	687.00	10.00	14.94	21.49	100771.42	1848	0	BartonZwiebach	
85	0:01:09	1/1/2019 	62949	158.00	9.00	8.25	21.53	100771.17	97724	0	BartonZwiebach	
86	0:01:10	1/1/2019 	63115	482.00	8.00	12.70	21.53	100771.17	3970	0	BartonZwiebach	
87	0:01:10	1/1/2019 	63753	146.00	9.00	7.91	21.54	100770.89	49785	0	BartonZwiebach	
88	0:01:11	1/1/2019 	64036	65.00	8.00	5.92	21.55	100771.17	1848	0	BartonZwiebach	
89	0:01:11	1/1/2019 	64979	137.00	7.00	7.64	21.57	100771.14	49783	0	BartonZwiebach	
90	0:01:11	1/1/2019 	64995	71.00	8.00	5.99	21.57	100771.14	1848	0	BartonZwiebach	
91	0:01:12	1/1/2019 	65067	251.00	9.00	10.33	21.57	100771.14	1847	0	BartonZwiebach	
92	0:01:12	1/1/2019 	65796	83.00	8.00	6.19	21.58	100771.03	51818	0	BartonZwiebach	
93	0:01:12	1/1/2019 	65818	110.00	8.00	6.86	21.58	100771.03	1847	0	BartonZwiebach	
94	0:01:12	1/1/2019 	65996	201.00	8.00	9.32	21.59	100770.75	1846	0	BartonZwiebach	
95	0:01:13	1/1/2019 	66474	151.00	8.00	8.05	21.60	100770.67	1847	0	BartonZwiebach	
96	0:01:14	1/1/2019 	67738	120.00	8.00	7.15	21.62	100770.77	97721	0	BartonZwiebach	
97	0:01:14	1/1/2019 	67963	974.00	338.00	63.70	21.63	100770.82	1848	0	BartonZwiebach	
98	0:01:16	1/1/2019 	69392	147.00	8.00	7.93	21.66	100771.00	51770	0	BartonZwiebach	
99	0:01:16	1/1/2019 	69707	710.00	12.00	15.66	21.66	100771.00	49787	0	BartonZwiebach	
100	0:01:17	1/1/2019 	70003	139.00	8.00	7.70	21.67	100771.05	2609	0	BartonZwiebach	
101	0:01:18	1/1/2019 	71402	66.00	8.00	5.93	21.70	100771.19	49787	0	BartonZwiebach	
102	0:01:18	1/1/2019 	71445	148.00	8.00	7.96	21.70	100771.19	1848	0	BartonZwiebach	
103	0:01:20	1/1/2019 	73434	95.00	8.00	6.47	21.73	100771.52	97722	0	BartonZwiebach	
104	0:01:21	1/1/2019 	74162	775.00	24.00	19.11	21.74	100771.77	51905	0	BartonZwiebach	
105	0:01:21	1/1/2019 	74242	663.00	10.00	14.89	21.74	100771.77	1849	0	BartonZwiebach	
106	0:01:21	1/1/2019 	74652	230.00	9.00	9.94	21.75	100771.61	49788	0	BartonZwiebach	
107	0:01:21	1/1/2019 	74695	504.00	9.00	12.96	21.75	100771.61	1850	0	BartonZwiebach	
108	0:01:22	1/1/2019 	75324	196.00	8.00	9.21	21.77	100771.64	1849	0	BartonZwiebach	
109	0:01:24	1/1/2019 	77328	133.00	8.00	7.53	21.80	100771.77	97722	0	BartonZwiebach	
110	0:01:25	1/1/2019 	78371	159.00	10.00	8.28	21.82	100771.98	51763	0	BartonZwiebach	
111	0:01:25	1/1/2019 	78652	876.00	81.00	26.55	21.82	100771.98	49787	0	BartonZwiebach	
112	0:01:25	1/1/2019 	78903	105.00	8.00	6.73	21.83	100772.00	1849	0	BartonZwiebach	
113	0:01:25	1/1/2019 	78915	857.00	68.00	24.61	21.83	100772.00	1847	0	BartonZwiebach	
114	0:01:27	1/1/2019 	80172	161.00	8.00	8.32	21.85	100771.91	49789	0	BartonZwiebach	
115	0:01:27	1/1/2019 	80768	809.00	51.00	22.61	21.86	100771.75	50546	0	BartonZwiebach	
116	0:01:28	1/1/2019 	81803	410.00	9.00	12.26	21.88	100772.11	51908	0	BartonZwiebach	
117	0:01:28	1/1/2019 	81805	578.00	9.00	13.74	21.88	100772.11	1850	0	BartonZwiebach	
118	0:01:30	1/1/2019 	83017	440.00	9.00	12.49	21.89	100772.05	49788	0	BartonZwiebach	
119	0:01:30	1/1/2019 	83255	72.00	8.00	6.00	21.90	100771.70	1850	0	BartonZwiebach	
120	0:01:30	1/1/2019 	83583	207.00	8.00	9.45	21.90	100771.70	49786	0	BartonZwiebach	
121	0:01:31	1/1/2019 	84225	109.00	8.00	6.84	21.92	100771.42	1846	0	BartonZwiebach	
122	0:01:31	1/1/2019 	84276	627.00	9.00	14.34	21.92	100771.42	3879	0	BartonZwiebach	
123	0:01:31	1/1/2019 	84478	98.00	8.00	6.54	21.92	100771.42	1850	0	BartonZwiebach	
124	0:01:32	1/1/2019 	85403	810.00	43.00	21.82	21.93	100770.80	49786	0	BartonZwiebach	
125	0:01:32	1/1/2019 	85703	620.00	9.00	14.26	21.94	100770.64	49793	0	BartonZwiebach	
126	0:01:33	1/1/2019 	86049	810.00	44.00	21.92	21.94	100770.64	1850	0	BartonZwiebach	
127	0:01:34	1/1/2019 	87371	821.00	60.00	23.58	21.96	100770.52	49792	0	BartonZwiebach	
128	0:01:34	1/1/2019 	87939	170.00	8.00	8.56	21.97	100770.92	51767	0	BartonZwiebach	
129	0:01:36	1/1/2019 	89473	72.00	8.00	6.00	22.00	100770.41	49785	0	BartonZwiebach	
130	0:01:37	1/1/2019 	90207	250.00	8.00	10.29	22.01	100770.33	49787	0	BartonZwiebach	
131	0:01:37	1/1/2019 	90422	967.00	248.00	50.03	22.01	100770.33	2608	0	BartonZwiebach	
132	0:01:40	1/1/2019 	93688	225.00	8.00	9.83	22.07	100769.88	193626	0	BartonZwiebach	
133	0:01:41	1/1/2019 	94495	146.00	8.00	7.90	22.08	100769.58	1848	0	BartonZwiebach	
134	0:01:41	1/1/2019 	94831	157.00	8.00	8.21	22.08	100769.58	51904	0	BartonZwiebach	
135	0:01:42	1/1/2019 	95031	65.00	8.00	5.92	22.09	100769.26	1847	0	BartonZwiebach	
136	0:01:42	1/1/2019 	95891	174.00	8.00	8.67	22.10	100769.05	49787	0	BartonZwiebach	
137	0:01:42	1/1/2019 	95969	556.00	9.00	13.47	22.10	100768.89	1848	0	BartonZwiebach	
138	0:01:42	1/1/2019 	95989	475.00	9.00	12.74	22.10	100768.89	1849	0	BartonZwiebach	
139	0:01:43	1/1/2019 	96104	820.00	55.00	23.04	22.10	100768.89	1850	0	BartonZwiebach	
140	0:01:43	1/1/2019 	96270	376.00	9.00	11.97	22.10	100768.89	3828	0	BartonZwiebach	
141	0:01:43	1/1/2019 	96340	960.00	153.00	39.76	22.10	100768.89	1849	0	BartonZwiebach	
142	0:01:43	1/1/2019 	96552	238.00	8.00	10.08	22.11	100768.91	49792	0	BartonZwiebach	
143	0:01:43	1/1/2019 	96760	85.00	8.00	6.24	22.11	100768.91	1847	0	BartonZwiebach	
144	0:01:43	1/1/2019 	96922	78.00	10.00	6.10	22.12	100769.31	1846	0	BartonZwiebach	
145	0:01:45	1/1/2019 	98850	368.00	8.00	11.84	22.14	100769.31	99702	0	BartonZwiebach	
146	0:01:47	1/1/2019 	100866	77.00	8.00	6.08	22.18	100768.91	97729	0	BartonZwiebach	
147	0:01:48	1/1/2019 	101563	198.00	8.00	9.25	22.19	100769.47	50546	0	BartonZwiebach	
148	0:01:50	1/1/2019 	103091	184.00	9.00	8.93	22.21	100769.41	49785	0	BartonZwiebach	
149	0:01:51	1/1/2019 	104436	582.00	9.00	13.79	22.23	100769.44	49788	0	BartonZwiebach	
150	0:01:51	1/1/2019 	104490	88.00	8.00	6.30	22.23	100769.44	1850	0	BartonZwiebach	
151	0:01:55	1/1/2019 	108297	963.00	268.00	52.39	22.28	100769.81	195776	0	BartonZwiebach	
152	0:01:55	1/1/2019 	108715	690.00	11.00	15.30	22.29	100769.98	49797	0	BartonZwiebach	
153	0:01:56	1/1/2019 	109000	906.00	105.00	30.97	22.29	100769.98	1851	0	BartonZwiebach	
154	0:01:56	1/1/2019 	109283	679.00	10.00	14.94	22.30	100769.77	1852	0	BartonZwiebach	
155	0:01:57	1/1/2019 	110734	754.00	20.00	18.16	22.32	100769.86	97730	0	BartonZwiebach	
156	0:01:58	1/1/2019 	111706	742.00	17.00	17.32	22.33	100769.45	50549	0	BartonZwiebach	
157	0:01:59	1/1/2019 	112738	531.00	9.00	13.20	22.34	100769.40	51908	0	BartonZwiebach	
158	0:02:00	1/1/2019 	113407	918.00	120.00	33.92	22.34	100769.73	1850	0	BartonZwiebach	
159	0:02:01	1/1/2019 	114309	76.00	8.00	6.07	22.35	100769.26	49793	0	BartonZwiebach	
160	0:02:02	1/1/2019 	115267	627.00	9.00	14.34	22.37	100769.57	49785	0	BartonZwiebach	
161	0:02:02	1/1/2019 	115303	423.00	9.00	12.37	22.37	100769.57	1850	0	BartonZwiebach	
162	0:02:02	1/1/2019 	115375	860.00	76.00	25.73	22.37	100769.57	1850	0	BartonZwiebach	
163	0:02:03	1/1/2019 	116883	423.00	9.00	12.37	22.38	100769.80	99707	0	BartonZwiebach	
164	0:02:04	1/1/2019 	117150	658.00	10.00	14.86	22.39	100769.54	1852	0	BartonZwiebach	
165	0:02:04	1/1/2019 	117217	614.00	9.00	14.20	22.39	100769.54	1851	0	BartonZwiebach	
166	0:02:04	1/1/2019 	117368	228.00	8.00	9.89	22.39	100769.54	1849	0	BartonZwiebach	
167	0:02:04	1/1/2019 	117858	94.00	8.00	6.44	22.39	100769.34	49783	0	BartonZwiebach	
168	0:02:06	1/1/2019 	119455	543.00	8.00	13.20	22.41	100769.23	49785	0	BartonZwiebach	
169	0:02:06	1/1/2019 	119636	75.00	8.00	6.05	22.42	100769.18	51764	0	BartonZwiebach	
170	0:02:08	1/1/2019 	121653	813.00	45.00	22.03	22.44	100769.27	98483	0	BartonZwiebach	
171	0:02:08	1/1/2019 	121916	146.00	8.00	7.90	22.44	100769.27	1851	0	BartonZwiebach	
172	0:02:09	1/1/2019 	122490	799.00	38.00	21.27	22.44	100769.41	1848	0	BartonZwiebach	
173	0:02:09	1/1/2019 	122816	867.00	73.00	25.32	22.45	100769.52	49791	0	BartonZwiebach	
174	0:02:10	1/1/2019 	123054	710.00	13.00	16.01	22.45	100769.62	1849	0	BartonZwiebach	
175	0:02:11	1/1/2019 	124892	115.00	8.00	7.01	22.47	100770.34	99845	0	BartonZwiebach	
176	0:02:13	1/1/2019 	126308	786.00	30.00	20.20	22.48	100770.29	49785	0	BartonZwiebach	
177	0:02:13	1/1/2019 	126570	81.00	8.00	6.15	22.48	100770.39	49791	0	BartonZwiebach	
178	0:02:14	1/1/2019 	127390	94.00	8.00	6.44	22.49	100770.50	1846	0	BartonZwiebach	
179	0:02:14	1/1/2019 	127635	153.00	8.00	8.10	22.49	100770.28	49785	0	BartonZwiebach	
180	0:02:15	1/1/2019 	128930	75.00	8.00	6.05	22.51	100770.30	49785	0	BartonZwiebach	
181	0:02:16	1/1/2019 	129080	824.00	50.00	22.54	22.51	100770.30	3880	0	BartonZwiebach	
182	0:02:16	1/1/2019 	129087	89.00	8.00	6.32	22.51	100770.30	1851	0	BartonZwiebach	
183	0:02:16	1/1/2019 	129893	584.00	8.00	13.65	22.52	100770.11	49785	0	BartonZwiebach	
184	0:02:17	1/1/2019 	130106	925.00	129.00	35.64	22.52	100770.11	2607	0	BartonZwiebach	
185	0:02:17	1/1/2019 	130364	570.00	9.00	13.64	22.52	100770.11	1851	0	BartonZwiebach	
186	0:02:17	1/1/2019 	130474	201.00	8.00	9.32	22.52	100769.91	3967	0	BartonZwiebach	
187	0:02:18	1/1/2019 	131357	913.00	114.00	32.74	22.53	100769.93	49787	0	BartonZwiebach	
188	0:02:18	1/1/2019 	131482	158.00	8.00	8.24	22.53	100769.93	1852	0	BartonZwiebach	
189	0:02:19	1/1/2019 	132156	377.00	9.00	11.98	22.54	100770.06	49785	0	BartonZwiebach	
190	0:02:19	1/1/2019 	132780	83.00	8.00	6.19	22.54	100769.61	49792	0	BartonZwiebach	
191	0:02:20	1/1/2019 	133980	726.00	14.00	16.36	22.55	100769.30	49785	0	BartonZwiebach	
192	0:02:21	1/1/2019 	134391	808.00	40.00	21.51	22.56	100769.41	3827	0	BartonZwiebach	
193	0:02:22	1/1/2019 	135195	346.00	8.00	11.62	22.56	100769.38	49796	0	BartonZwiebach	
194	0:02:22	1/1/2019 	135601	100.00	8.00	6.59	22.57	100769.12	49798	0	BartonZwiebach	
195	0:02:24	1/1/2019 	137423	82.00	8.00	6.17	22.59	100769.81	49791	0	BartonZwiebach	
196	0:02:24	1/1/2019 	137878	769.00	23.00	18.89	22.60	100769.59	49787	0	BartonZwiebach	
197	0:02:25	1/1/2019 	138635	780.00	28.00	19.87	22.60	100769.89	49790	0	BartonZwiebach	
198	0:02:25	1/1/2019 	138736	66.00	8.00	5.93	22.61	100769.83	3826	0	BartonZwiebach	
199	0:02:25	1/1/2019 	138773	73.00	12.00	6.02	22.61	100769.83	1847	0	BartonZwiebach	
200	0:02:26	1/1/2019 	139766	903.00	109.00	31.74	22.62	100770.28	49788	0	BartonZwiebach	
201	0:02:27	1/1/2019 	140931	518.00	8.00	12.97	22.63	100769.90	50752	0	BartonZwiebach	
202	0:02:28	1/1/2019 	141064	202.00	8.00	9.34	22.63	100769.90	1848	0	BartonZwiebach	
203	0:02:29	1/1/2019 	142974	182.00	8.00	8.87	22.65	100768.73	97728	0	BartonZwiebach	
204	0:02:29	1/1/2019 	142983	947.00	148.00	38.97	22.65	100768.73	3966	0	BartonZwiebach	
205	0:02:30	1/1/2019 	143350	868.00	78.00	26.06	22.66	100768.42	1850	0	BartonZwiebach	
206	0:02:31	1/1/2019 	144263	121.00	8.00	7.18	22.67	100768.20	49793	0	BartonZwiebach	
207	0:02:32	1/1/2019 	145085	947.00	147.00	38.81	22.68	100768.15	49790	0	BartonZwiebach	
208	0:02:32	1/1/2019 	145761	128.00	8.00	7.38	22.69	100768.09	49795	0	BartonZwiebach	
209	0:02:32	1/1/2019 	145825	982.00	733.00	131.58	22.69	100768.09	1847	0	BartonZwiebach	
210	0:02:33	1/1/2019 	146048	973.00	396.00	73.72	22.69	100768.09	3881	0	BartonZwiebach	
211	0:02:33	1/1/2019 	146052	272.00	9.00	10.68	22.69	100768.09	1851	0	BartonZwiebach	
212	0:02:33	1/1/2019 	146324	609.00	9.00	14.14	22.70	100768.20	1849	0	BartonZwiebach	
213	0:02:33	1/1/2019 	146441	368.00	8.00	11.84	22.70	100768.20	1850	0	BartonZwiebach	
214	0:02:33	1/1/2019 	146702	437.00	9.00	12.47	22.70	100768.21	49789	0	BartonZwiebach	
215	0:02:33	1/1/2019 	146984	604.00	8.00	13.88	22.70	100768.21	1850	0	BartonZwiebach	
216	0:02:34	1/1/2019 	147555	444.00	8.00	12.44	22.71	100768.31	51764	0	BartonZwiebach	
217	0:02:35	1/1/2019 	148404	139.00	8.00	7.70	22.72	100768.69	1849	0	BartonZwiebach	
218	0:02:35	1/1/2019 	148713	622.00	9.00	14.29	22.72	100768.47	49787	0	BartonZwiebach	
219	0:02:36	1/1/2019 	149208	665.00	10.00	14.90	22.73	100768.24	1850	0	BartonZwiebach	
220	0:02:37	1/1/2019 	150941	794.00	32.00	20.51	22.74	100767.56	97733	0	BartonZwiebach	
221	0:02:39	1/1/2019 	152585	734.00	16.00	17.01	22.75	100766.66	100810	0	BartonZwiebach	
222	0:02:40	1/1/2019 	153407	98.00	8.00	6.54	22.76	100766.59	1848	0	BartonZwiebach	
223	0:02:40	1/1/2019 	153477	691.00	11.00	15.30	22.76	100766.59	1848	0	BartonZwiebach	
224	0:02:41	1/1/2019 	154196	240.00	9.00	10.13	22.76	100766.61	49791	0	BartonZwiebach	
225	0:02:42	1/1/2019 	155907	308.00	8.00	11.17	22.77	100766.12	97736	0	BartonZwiebach	
226	0:02:43	1/1/2019 	156228	68.00	8.00	5.95	22.78	100766.56	1853	0	BartonZwiebach	
227	0:02:43	1/1/2019 	156343	163.00	8.00	8.38	22.78	100766.56	3824	0	BartonZwiebach	
228	0:02:43	1/1/2019 	156613	919.00	118.00	33.53	22.78	100766.46	49786	0	BartonZwiebach	
229	0:02:43	1/1/2019 	156673	956.00	152.00	39.60	22.78	100766.46	1851	0	BartonZwiebach	
230	0:02:43	1/1/2019 	156981	985.00	743.00	133.34	22.78	100766.17	1850	0	BartonZwiebach	
231	0:02:44	1/1/2019 	157383	492.00	8.00	12.77	22.78	100766.17	1850	0	BartonZwiebach	
232	0:02:46	1/1/2019 	159076	205.00	8.00	9.41	22.80	100766.39	97728	0	BartonZwiebach	
233	0:02:46	1/1/2019 	159220	902.00	99.00	29.81	22.80	100766.39	3825	0	BartonZwiebach	
234	0:02:47	1/1/2019 	160150	363.00	9.00	11.84	22.81	100766.23	49793	0	BartonZwiebach	
235	0:02:48	1/1/2019 	161444	866.00	80.00	26.36	22.82	100766.22	50749	0	BartonZwiebach	
236	0:02:48	1/1/2019 	161554	67.00	8.00	5.94	22.82	100766.22	49792	0	BartonZwiebach	
237	0:02:49	1/1/2019 	162306	955.00	168.00	41.89	22.83	100766.16	1847	0	BartonZwiebach	
238	0:02:49	1/1/2019 	162759	873.00	76.00	25.77	22.83	100766.27	49797	0	BartonZwiebach	
239	0:02:49	1/1/2019 	162846	718.00	13.00	16.01	22.84	100766.38	4026	0	BartonZwiebach	
240	0:02:49	1/1/2019 	162904	114.00	10.00	6.98	22.84	100766.38	1857	0	BartonZwiebach	
241	0:02:49	1/1/2019 	162994	204.00	7.00	9.38	22.84	100766.38	1856	0	BartonZwiebach	
242	0:02:51	1/1/2019 	164098	577.00	9.00	13.73	22.85	100766.52	49794	0	BartonZwiebach	
243	0:02:52	1/1/2019 	165482	207.00	8.00	9.45	22.86	100766.30	49792	0	BartonZwiebach	
244	0:02:52	1/1/2019 	165856	253.00	8.00	10.34	22.87	100766.80	49789	0	BartonZwiebach	
245	0:02:53	1/1/2019 	166263	192.00	8.00	9.11	22.87	100766.80	3823	0	BartonZwiebach	
246	0:02:53	1/1/2019 	166437	179.00	8.00	8.80	22.88	100766.94	1847	0	BartonZwiebach	
247	0:02:54	1/1/2019 	167158	980.00	866.00	157.67	22.88	100767.28	49788	0	BartonZwiebach	
248	0:02:54	1/1/2019 	167468	84.00	8.00	6.21	22.89	100767.19	1851	0	BartonZwiebach	
249	0:02:54	1/1/2019 	167559	911.00	109.00	31.76	22.89	100767.19	49787	0	BartonZwiebach	
250	0:02:55	1/1/2019 	168215	128.00	8.00	7.38	22.89	100767.12	1852	0	BartonZwiebach	
251	0:02:55	1/1/2019 	168275	979.00	415.00	76.51	22.90	100767.47	3827	0	BartonZwiebach	
252	0:02:55	1/1/2019 	168637	866.00	80.00	26.36	22.90	100767.47	49799	0	BartonZwiebach	
253	0:02:56	1/1/2019 	169034	131.00	8.00	7.47	22.90	100767.41	1850	0	BartonZwiebach	
254	0:02:56	1/1/2019 	169111	862.00	71.00	25.03	22.90	100767.41	1848	0	BartonZwiebach	
255	0:02:56	1/1/2019 	169792	123.00	8.00	7.24	22.92	100767.69	49794	0	BartonZwiebach	
256	0:02:57	1/1/2019 	170472	771.00	24.00	19.11	22.92	100767.82	2803	0	BartonZwiebach	
257	0:02:57	1/1/2019 	170492	698.00	11.00	15.30	22.92	100767.82	3968	0	BartonZwiebach	
258	0:02:57	1/1/2019 	170615	811.00	54.00	22.92	22.92	100767.82	49793	0	BartonZwiebach	
259	0:02:57	1/1/2019 	170689	149.00	8.00	7.99	22.92	100767.82	1850	0	BartonZwiebach	
260	0:02:57	1/1/2019 	170956	929.00	132.00	36.20	22.93	100767.56	1846	0	BartonZwiebach	
261	0:02:58	1/1/2019 	171233	116.00	8.00	7.03	22.93	100768.06	1849	0	BartonZwiebach	
262	0:03:00	1/1/2019 	173226	790.00	30.00	20.21	22.96	100768.58	99706	0	BartonZwiebach	
263	0:03:00	1/1/2019 	173915	199.00	8.00	9.28	22.96	100768.49	49797	0	BartonZwiebach	
264	0:03:00	1/1/2019 	173972	803.00	41.00	21.60	22.96	100768.49	1847	0	BartonZwiebach	
265	0:03:02	1/1/2019 	175045	152.00	8.00	8.07	22.97	100768.77	49795	0	BartonZwiebach	
266	0:03:02	1/1/2019 	175727	94.00	8.00	6.44	22.98	100768.84	49791	0	BartonZwiebach	
267	0:03:03	1/1/2019 	176358	610.00	9.00	14.15	22.99	100768.79	1847	0	BartonZwiebach	
268	0:03:03	1/1/2019 	176847	843.00	66.00	24.33	23.00	100769.26	51770	0	BartonZwiebach	
269	0:03:06	1/1/2019 	179629	102.00	8.00	6.65	23.03	100770.97	145684	0	BartonZwiebach	
270	0:03:07	1/1/2019 	180838	933.00	138.00	37.28	23.04	100770.85	50747	0	BartonZwiebach	
271	0:03:10	1/1/2019 	183342	97.00	8.00	6.52	23.06	100770.95	97741	0	BartonZwiebach	
272	0:03:10	1/1/2019 	183715	984.00	624.00	110.38	23.07	100771.12	49792	0	BartonZwiebach	
273	0:03:11	1/1/2019 	184370	101.00	8.00	6.62	23.08	100771.06	1855	0	BartonZwiebach	
274	0:03:11	1/1/2019 	184641	973.00	325.00	61.35	23.08	100771.00	51907	0	BartonZwiebach	
275	0:03:12	1/1/2019 	185077	101.00	8.00	6.62	23.09	100771.17	1850	0	BartonZwiebach	
276	0:03:12	1/1/2019 	185356	77.00	8.00	6.08	23.09	100771.17	1848	0	BartonZwiebach	
277	0:03:13	1/1/2019 	186139	357.00	8.00	11.73	23.10	100771.05	49788	0	BartonZwiebach	
278	0:03:14	1/1/2019 	187030	958.00	178.00	43.12	23.11	100771.17	49790	0	BartonZwiebach	
279	0:03:14	1/1/2019 	187065	657.00	10.00	14.85	23.11	100771.17	1852	0	BartonZwiebach	
280	0:03:14	1/1/2019 	187139	972.00	306.00	58.05	23.11	100771.17	3825	0	BartonZwiebach	
281	0:03:14	1/1/2019 	187210	164.00	8.00	8.40	23.11	100771.17	1850	0	BartonZwiebach	
282	0:03:14	1/1/2019 	187434	76.00	8.00	6.07	23.11	100771.17	1847	0	BartonZwiebach	
283	0:03:14	1/1/2019 	187496	620.00	9.00	14.26	23.12	100771.50	1848	0	BartonZwiebach	
284	0:03:15	1/1/2019 	188088	270.00	8.00	10.62	23.12	100771.28	49792	0	BartonZwiebach	
285	0:03:15	1/1/2019 	188939	160.00	8.00	8.30	23.14	100771.39	49791	0	BartonZwiebach	
286	0:03:16	1/1/2019 	189013	295.00	8.00	10.99	23.14	100771.39	3823	0	BartonZwiebach	
287	0:03:16	1/1/2019 	189940	801.00	36.00	21.04	23.15	100771.31	49793	0	BartonZwiebach	
288	0:03:18	1/1/2019 	191867	782.00	30.00	20.19	23.16	100771.22	98693	0	BartonZwiebach	
289	0:03:19	1/1/2019 	192137	332.00	8.00	11.46	23.17	100771.36	1851	0	BartonZwiebach	
290	0:03:19	1/1/2019 	192185	101.00	8.00	6.62	23.17	100771.36	1849	0	BartonZwiebach	
291	0:03:20	1/1/2019 	193213	879.00	90.00	28.08	23.18	100771.48	49789	0	BartonZwiebach	
292	0:03:21	1/1/2019 	194406	560.00	9.00	13.52	23.20	100771.27	51911	0	BartonZwiebach	
293	0:03:21	1/1/2019 	194939	82.00	8.00	6.17	23.21	100770.84	49792	0	BartonZwiebach	
294	0:03:22	1/1/2019 	195078	941.00	142.00	37.97	23.21	100770.84	1846	0	BartonZwiebach	
295	0:03:23	1/1/2019 	196818	783.00	29.00	20.04	23.23	100770.54	97740	0	BartonZwiebach	
296	0:03:24	1/1/2019 	197689	454.00	8.00	12.51	23.24	100770.88	49796	0	BartonZwiebach	
297	0:03:25	1/1/2019 	198272	632.00	8.00	14.13	23.25	100770.42	3830	0	BartonZwiebach	
298	0:03:25	1/1/2019 	198696	650.00	9.00	14.52	23.25	100770.42	49791	0	BartonZwiebach	
299	0:03:25	1/1/2019 	198778	283.00	8.00	10.82	23.26	100770.89	1849	0	BartonZwiebach	
300	0:03:26	1/1/2019 	199681	324.00	8.00	11.37	23.26	100770.70	49789	0	BartonZwiebach	
301	0:03:26	1/1/2019 	199979	125.00	8.00	7.29	23.27	100770.64	2805	0	BartonZwiebach	
302	0:03:27	1/1/2019 	200068	956.00	160.00	40.80	23.27	100770.64	1847	0	BartonZwiebach	
303	0:03:27	1/1/2019 	200212	964.00	172.00	42.40	23.27	100770.64	3969	0	BartonZwiebach	
304	0:03:27	1/1/2019 	200799	214.00	8.00	9.60	23.28	100770.72	49797	0	BartonZwiebach	
305	0:03:28	1/1/2019 	201702	254.00	8.00	10.36	23.28	100770.89	49787	0	BartonZwiebach	
306	0:03:29	1/1/2019 	202428	970.00	422.00	77.47	23.30	100771.17	1849	0	BartonZwiebach	
307	0:03:29	1/1/2019 	202472	965.00	174.00	42.64	23.30	100771.17	1852	0	BartonZwiebach	
308	0:03:29	1/1/2019 	202877	367.00	8.00	11.83	23.30	100770.97	49797	0	BartonZwiebach	
309	0:03:29	1/1/2019 	202957	144.00	8.00	7.85	23.30	100770.97	3823	0	BartonZwiebach	
310	0:03:30	1/1/2019 	203386	969.00	445.00	80.36	23.31	100770.75	1846	0	BartonZwiebach	
311	0:03:30	1/1/2019 	203668	90.00	8.00	6.35	23.31	100770.75	49802	0	BartonZwiebach	
312	0:03:31	1/1/2019 	204721	235.00	8.00	10.02	23.32	100770.44	49786	0	BartonZwiebach	
313	0:03:32	1/1/2019 	205223	140.00	8.00	7.73	23.33	100770.61	1849	0	BartonZwiebach	
314	0:03:32	1/1/2019 	205305	974.00	307.00	58.22	23.33	100770.61	1848	0	BartonZwiebach	
315	0:03:33	1/1/2019 	206377	148.00	8.00	7.96	23.34	100770.20	51770	0	BartonZwiebach	
316	0:03:33	1/1/2019 	206573	718.00	14.00	16.35	23.34	100770.20	49790	0	BartonZwiebach	
317	0:03:34	1/1/2019 	207752	74.00	8.00	6.03	23.36	100770.18	49792	0	BartonZwiebach	
318	0:03:35	1/1/2019 	208478	109.00	8.00	6.84	23.37	100769.95	1848	0	BartonZwiebach	
319	0:03:35	1/1/2019 	208643	170.00	8.00	8.56	23.38	100770.12	49793	0	BartonZwiebach	
320	0:03:35	1/1/2019 	208667	916.00	118.00	33.52	23.38	100770.12	1855	0	BartonZwiebach	
321	0:03:37	1/1/2019 	210075	974.00	419.00	77.06	23.39	100768.72	51776	0	BartonZwiebach	
322	0:03:37	1/1/2019 	210801	764.00	24.00	19.09	23.40	100769.49	50759	0	BartonZwiebach	
323	0:03:38	1/1/2019 	211687	374.00	8.00	11.90	23.41	100769.64	49792	0	BartonZwiebach	
324	0:03:38	1/1/2019 	211751	296.00	9.00	11.04	23.41	100769.64	1850	0	BartonZwiebach	
325	0:03:40	1/1/2019 	213700	594.00	9.00	13.95	23.44	100769.44	97735	0	BartonZwiebach	
326	0:03:41	1/1/2019 	214073	600.00	9.00	14.02	23.45	100769.73	1850	0	BartonZwiebach	
327	0:03:41	1/1/2019 	214432	978.00	468.00	83.05	23.45	100769.73	3969	0	BartonZwiebach	
328	0:03:41	1/1/2019 	214668	633.00	9.00	14.40	23.46	100769.75	49803	0	BartonZwiebach	
329	0:03:42	1/1/2019 	215573	730.00	16.00	17.00	23.47	100769.36	49794	0	BartonZwiebach	
330	0:03:43	1/1/2019 	216399	922.00	124.00	34.69	23.48	100769.37	1850	0	BartonZwiebach	
331	0:03:43	1/1/2019 	216934	550.00	9.00	13.40	23.48	100769.54	49798	0	BartonZwiebach	
332	0:03:44	1/1/2019 	217017	150.00	8.00	8.02	23.49	100769.68	3825	0	BartonZwiebach	
333	0:03:44	1/1/2019 	217977	430.00	8.00	12.35	23.50	100769.62	49791	0	BartonZwiebach	
334	0:03:47	1/1/2019 	220041	380.00	8.00	11.95	23.53	100769.88	97742	0	BartonZwiebach	
335	0:03:48	1/1/2019 	221874	84.00	8.00	6.21	23.55	100770.26	98694	0	BartonZwiebach	
336	0:03:49	1/1/2019 	222612	960.00	237.00	48.90	23.56	100770.37	49789	0	BartonZwiebach	
337	0:03:49	1/1/2019 	222689	140.00	8.00	7.73	23.56	100770.37	1851	0	BartonZwiebach	
338	0:03:51	1/1/2019 	224130	336.00	9.00	11.55	23.57	100770.69	51905	0	BartonZwiebach	
339	0:03:51	1/1/2019 	224699	278.00	9.00	10.77	23.58	100770.66	49794	0	BartonZwiebach	
340	0:03:52	1/1/2019 	225043	137.00	11.00	7.66	23.58	100770.59	1850	0	BartonZwiebach	
341	0:03:52	1/1/2019 	225491	434.00	8.00	12.37	23.59	100770.66	1850	0	BartonZwiebach	
342	0:03:53	1/1/2019 	226248	488.00	8.00	12.74	23.59	100770.60	49790	0	BartonZwiebach	
343	0:03:53	1/1/2019 	226690	157.00	6.00	8.20	23.60	100770.94	49791	0	BartonZwiebach	
344	0:03:54	1/1/2019 	227739	203.00	8.00	9.37	23.61	100770.84	51766	0	BartonZwiebach	
345	0:03:55	1/1/2019 	228633	648.00	9.00	14.51	23.62	100770.16	49790	0	BartonZwiebach	
346	0:03:55	1/1/2019 	228646	696.00	11.00	15.30	23.62	100770.16	1850	0	BartonZwiebach	
347	0:03:56	1/1/2019 	229979	348.00	8.00	11.64	23.63	100770.01	49795	0	BartonZwiebach	
348	0:03:58	1/1/2019 	231758	342.00	8.00	11.57	23.65	100770.38	98689	0	BartonZwiebach	
349	0:03:59	1/1/2019 	232447	312.00	8.00	11.22	23.66	100770.33	1848	0	BartonZwiebach	
350	0:03:59	1/1/2019 	232619	132.00	8.00	7.50	23.66	100770.33	51908	0	BartonZwiebach	
351	0:03:59	1/1/2019 	232643	577.00	8.00	13.57	23.66	100770.33	1847	0	BartonZwiebach	
352	0:03:59	1/1/2019 	232655	142.00	8.00	7.79	23.66	100770.33	1846	0	BartonZwiebach	
353	0:04:00	1/1/2019 	233658	166.00	7.00	8.45	23.66	100770.30	49789	0	BartonZwiebach	
354	0:04:01	1/1/2019 	234901	384.00	8.00	11.99	23.68	100769.91	49792	0	BartonZwiebach	
355	0:04:02	1/1/2019 	235094	82.00	8.00	6.17	23.68	100769.91	1848	0	BartonZwiebach	
356	0:04:02	1/1/2019 	235905	152.00	8.00	8.07	23.68	100770.09	51766	0	BartonZwiebach	
357	0:04:04	1/1/2019 	237963	365.00	8.00	11.81	23.70	100770.39	97730	0	BartonZwiebach	
358	0:04:06	1/1/2019 	239131	310.00	8.00	11.19	23.71	100770.67	49792	0	BartonZwiebach	
359	0:04:07	1/1/2019 	240306	873.00	82.00	26.70	23.72	100770.84	49792	0	BartonZwiebach	
360	0:04:07	1/1/2019 	240775	590.00	9.00	13.90	23.72	100770.74	50751	0	BartonZwiebach	
361	0:04:08	1/1/2019 	241843	900.00	96.00	29.24	23.73	100770.55	49792	0	BartonZwiebach	
362	0:04:09	1/1/2019 	242428	129.00	8.00	7.41	23.73	100770.29	3967	0	BartonZwiebach	
363	0:04:10	1/1/2019 	243018	64.00	6.00	5.91	23.73	100770.39	49788	0	BartonZwiebach	
364	0:04:10	1/1/2019 	243437	67.00	8.00	5.94	23.74	100770.09	1848	0	BartonZwiebach	
365	0:04:12	1/1/2019 	245235	185.00	8.00	8.95	23.75	100770.08	97729	0	BartonZwiebach	
366	0:04:13	1/1/2019 	246940	673.00	10.00	14.93	23.76	100769.75	97731	0	BartonZwiebach	
367	0:04:15	1/1/2019 	248821	136.00	8.00	7.62	23.77	100769.77	97735	0	BartonZwiebach	
368	0:04:17	1/1/2019 	250023	89.00	8.00	6.32	23.78	100769.84	51763	0	BartonZwiebach	
369	0:04:17	1/1/2019 	250601	708.00	11.00	15.30	23.79	100769.71	50746	0	BartonZwiebach	
370	0:04:17	1/1/2019 	250685	398.00	9.00	12.17	23.79	100769.71	1851	0	BartonZwiebach	
371	0:04:18	1/1/2019 	251151	800.00	40.00	21.49	23.79	100769.95	1850	0	BartonZwiebach	
372	0:04:19	1/1/2019 	252491	811.00	60.00	23.55	23.80	100769.69	49794	0	BartonZwiebach	
373	0:04:19	1/1/2019 	252960	972.00	346.00	65.15	23.81	100769.95	51857	0	BartonZwiebach	
374	0:04:20	1/1/2019 	253335	954.00	160.00	40.80	23.81	100769.95	1850	0	BartonZwiebach	
375	0:04:20	1/1/2019 	253686	178.00	8.00	8.77	23.81	100769.86	49797	0	BartonZwiebach	
376	0:04:21	1/1/2019 	254105	140.00	8.00	7.73	23.81	100769.97	1847	0	BartonZwiebach	
377	0:04:21	1/1/2019 	254157	89.00	8.00	6.32	23.81	100769.97	1847	0	BartonZwiebach	
378	0:04:21	1/1/2019 	254482	711.00	13.00	16.01	23.82	100770.03	1846	0	BartonZwiebach	
379	0:04:21	1/1/2019 	254655	234.00	8.00	10.00	23.82	100770.03	54244	0	BartonZwiebach	
380	0:04:21	1/1/2019 	254686	973.00	408.00	75.53	23.82	100770.03	1847	0	BartonZwiebach	
381	0:04:22	1/1/2019 	255734	173.00	8.00	8.64	23.82	100770.38	49804	0	BartonZwiebach	
382	0:04:22	1/1/2019 	255872	780.00	27.00	19.70	23.83	100770.67	1854	0	BartonZwiebach	
383	0:04:23	1/1/2019 	256716	92.00	8.00	6.39	23.83	100770.55	49791	0	BartonZwiebach	
384	0:04:24	1/1/2019 	257548	439.00	42.00	13.58	23.84	100770.61	49789	0	BartonZwiebach	
385	0:04:26	1/1/2019 	259234	100.00	7.00	6.59	23.86	100770.79	52003	0	BartonZwiebach	
386	0:04:26	1/1/2019 	259862	195.00	8.00	9.18	23.87	100770.80	49792	0	BartonZwiebach	
387	0:04:27	1/1/2019 	260020	71.00	7.00	5.99	23.87	100770.80	2606	0	BartonZwiebach	
388	0:04:27	1/1/2019 	260445	177.00	8.00	8.75	23.87	100770.77	1849	0	BartonZwiebach	
389	0:04:27	1/1/2019 	260807	139.00	8.00	7.70	23.88	100770.70	49789	0	BartonZwiebach	
390	0:04:27	1/1/2019 	260875	214.00	8.00	9.60	23.88	100770.70	1847	0	BartonZwiebach	
391	0:04:29	1/1/2019 	262062	209.00	8.00	9.50	23.89	100770.58	51904	0	BartonZwiebach	
392	0:04:29	1/1/2019 	262686	625.00	9.00	14.32	23.89	100770.55	49789	0	BartonZwiebach	
393	0:04:31	1/1/2019 	264061	595.00	9.00	13.96	23.91	100770.17	49791	0	BartonZwiebach	
394	0:04:31	1/1/2019 	264177	801.00	37.00	21.16	23.91	100770.17	1850	0	BartonZwiebach	
395	0:04:31	1/1/2019 	264434	242.00	8.00	10.15	23.91	100770.30	1850	0	BartonZwiebach	
396	0:04:31	1/1/2019 	264591	84.00	7.00	6.21	23.91	100770.30	49790	0	BartonZwiebach	
397	0:04:32	1/1/2019 	265553	957.00	172.00	42.40	23.92	100770.34	51764	0	BartonZwiebach	
398	0:04:32	1/1/2019 	265835	696.00	12.00	15.65	23.93	100770.31	1851	0	BartonZwiebach	
399	0:04:33	1/1/2019 	266267	716.00	14.00	16.35	23.93	100770.22	1849	0	BartonZwiebach	
400	0:04:33	1/1/2019 	266636	970.00	200.00	45.43	23.93	100770.22	49794	0	BartonZwiebach	
401	0:04:33	1/1/2019 	266989	678.00	10.00	14.94	23.94	100770.72	1851	0	BartonZwiebach	
402	0:04:35	1/1/2019 	268130	429.00	8.00	12.34	23.95	100770.41	49789	0	BartonZwiebach	
403	0:04:36	1/1/2019 	269417	164.00	7.00	8.40	23.96	100770.97	51765	0	BartonZwiebach	
404	0:04:37	1/1/2019 	270157	434.00	8.00	12.37	23.98	100771.25	49791	0	BartonZwiebach	
405	0:04:37	1/1/2019 	270422	78.00	8.00	6.10	23.98	100771.25	2608	0	BartonZwiebach	
406	0:04:37	1/1/2019 	270784	881.00	86.00	27.39	23.98	100771.19	49789	0	BartonZwiebach	
407	0:04:39	1/1/2019 	272224	127.00	8.00	7.35	24.00	100772.09	49792	0	BartonZwiebach	
408	0:04:40	1/1/2019 	273552	607.00	9.00	14.11	24.02	100772.50	99846	0	BartonZwiebach	
409	0:04:40	1/1/2019 	273723	864.00	75.00	25.60	24.02	100772.50	1852	0	BartonZwiebach	
410	0:04:41	1/1/2019 	274031	94.00	8.00	6.44	24.03	100773.00	1850	0	BartonZwiebach	
411	0:04:41	1/1/2019 	274696	140.00	8.00	7.73	24.03	100773.30	49789	0	BartonZwiebach	
412	0:04:41	1/1/2019 	274741	299.00	8.00	11.05	24.03	100773.30	1847	0	BartonZwiebach	
413	0:04:42	1/1/2019 	275775	84.00	8.00	6.21	24.05	100773.58	49789	0	BartonZwiebach	
414	0:04:44	1/1/2019 	277724	658.00	10.00	14.86	24.07	100774.32	99757	0	BartonZwiebach	
415	0:04:45	1/1/2019 	278158	68.00	7.00	5.95	24.08	100774.33	1850	0	BartonZwiebach	
416	0:04:45	1/1/2019 	278350	120.00	8.00	7.15	24.08	100774.33	1850	0	BartonZwiebach	
