###################################################################################################
### CosmicWatch: The Desktop Muon Detector
### Device ID: BartonZwiebach
### Launch time: 0:00:05 1/1/2019
### Questions? Email Spencer N. Axani (saxani@mit.edu)
### Event Time Date TimeStamp[ms] ADC1 ADC2 SiPM[mV] Temp[C] Pressure[Pa] DeadTime[us] Coincident ID
###################################################################################################
1	0:00:06	1/1/2019 	602	854.00	70.00	24.87	30.17	100754.45	95884	0	BartonZwiebach	
2	0:00:07	1/1/2019 	1246	802.00	48.00	22.30	30.17	100754.75	5952	0	BartonZwiebach	
3	0:00:07	1/1/2019 	1836	737.00	18.00	17.60	30.17	100754.69	49785	0	BartonZwiebach	
4	0:00:08	1/1/2019 	2157	330.00	8.00	11.44	30.17	100755.19	1849	0	BartonZwiebach	
5	0:00:08	1/1/2019 	2964	801.00	42.00	21.70	30.17	100755.52	49786	0	BartonZwiebach	
6	0:00:09	1/1/2019 	3499	960.00	194.00	44.84	30.17	100755.80	1849	0	BartonZwiebach	
7	0:00:09	1/1/2019 	3857	964.00	182.00	43.58	30.17	100755.80	49840	0	BartonZwiebach	
8	0:00:10	1/1/2019 	4196	263.00	8.00	10.51	30.17	100756.12	3845	0	BartonZwiebach	
9	0:00:10	1/1/2019 	4639	750.00	22.00	18.63	30.16	100755.93	49789	0	BartonZwiebach	
10	0:00:10	1/1/2019 	4937	798.00	32.00	20.52	30.16	100755.93	1850	0	BartonZwiebach	
11	0:00:11	1/1/2019 	5548	957.00	165.00	41.49	30.16	100756.03	49788	0	BartonZwiebach	
12	0:00:13	1/1/2019 	7694	591.00	9.00	13.91	30.16	100757.11	97964	0	BartonZwiebach	
13	0:00:14	1/1/2019 	8079	957.00	178.00	43.12	30.16	100757.61	1851	0	BartonZwiebach	
14	0:00:14	1/1/2019 	8557	935.00	139.00	37.45	30.15	100757.74	51839	0	BartonZwiebach	
15	0:00:15	1/1/2019 	9857	545.00	8.00	13.22	30.15	100758.05	49792	0	BartonZwiebach	
16	0:00:16	1/1/2019 	10583	86.00	7.00	6.26	30.15	100758.82	50545	0	BartonZwiebach	
17	0:00:16	1/1/2019 	10727	517.00	8.00	12.97	30.15	100758.82	1850	0	BartonZwiebach	
18	0:00:16	1/1/2019 	10732	108.00	7.00	6.81	30.15	100758.82	1848	0	BartonZwiebach	
19	0:00:17	1/1/2019 	11578	80.00	7.00	6.13	30.15	100758.92	49786	0	BartonZwiebach	
20	0:00:18	1/1/2019 	12742	801.00	45.00	22.00	30.14	100759.06	51922	0	BartonZwiebach	
21	0:00:20	1/1/2019 	14583	76.00	7.00	6.06	30.14	100759.11	97731	0	BartonZwiebach	
22	0:00:21	1/1/2019 	15742	161.00	8.00	8.32	30.14	100759.08	49787	0	BartonZwiebach	
23	0:00:22	1/1/2019 	16305	126.00	7.00	7.32	30.13	100759.02	1847	0	BartonZwiebach	
24	0:00:23	1/1/2019 	17228	119.00	8.00	7.12	30.13	100759.32	49785	0	BartonZwiebach	
25	0:00:23	1/1/2019 	17862	81.00	7.00	6.15	30.13	100759.09	49784	0	BartonZwiebach	
26	0:00:24	1/1/2019 	18450	58.00	7.00	5.88	30.13	100759.42	3843	0	BartonZwiebach	
27	0:00:24	1/1/2019 	18564	66.00	7.00	5.93	30.13	100759.42	49787	0	BartonZwiebach	
28	0:00:24	1/1/2019 	18835	145.00	8.00	7.87	30.13	100759.20	1849	0	BartonZwiebach	
29	0:00:25	1/1/2019 	19091	158.00	8.00	8.24	30.13	100759.20	1847	0	BartonZwiebach	
30	0:00:25	1/1/2019 	19192	592.00	8.00	13.74	30.13	100759.36	1847	0	BartonZwiebach	
31	0:00:25	1/1/2019 	19966	820.00	50.00	22.54	30.13	100759.20	49788	0	BartonZwiebach	
32	0:00:26	1/1/2019 	20278	709.00	13.00	16.01	30.13	100759.53	4752	0	BartonZwiebach	
33	0:00:26	1/1/2019 	20680	132.00	7.00	7.49	30.13	100759.70	49790	0	BartonZwiebach	
34	0:00:27	1/1/2019 	21409	859.00	63.00	24.00	30.12	100759.63	1849	0	BartonZwiebach	
35	0:00:27	1/1/2019 	21435	66.00	7.00	5.93	30.12	100759.63	1850	0	BartonZwiebach	
36	0:00:27	1/1/2019 	21633	573.00	9.00	13.68	30.12	100759.63	49785	0	BartonZwiebach	
37	0:00:27	1/1/2019 	21765	960.00	167.00	41.76	30.12	100759.80	1851	0	BartonZwiebach	
38	0:00:28	1/1/2019 	22383	175.00	7.00	8.69	30.12	100760.13	3843	0	BartonZwiebach	
39	0:00:28	1/1/2019 	22446	160.00	8.00	8.30	30.12	100760.13	1850	0	BartonZwiebach	
40	0:00:28	1/1/2019 	22548	113.00	7.00	6.95	30.12	100760.13	49786	0	BartonZwiebach	
41	0:00:28	1/1/2019 	22760	74.00	8.00	6.03	30.12	100760.08	2085	0	BartonZwiebach	
42	0:00:28	1/1/2019 	22771	535.00	8.00	13.13	30.12	100760.08	1846	0	BartonZwiebach	
43	0:00:28	1/1/2019 	22790	285.00	8.00	10.85	30.12	100760.08	1847	0	BartonZwiebach	
44	0:00:29	1/1/2019 	23035	609.00	8.00	13.93	30.12	100760.08	3895	0	BartonZwiebach	
45	0:00:29	1/1/2019 	23347	969.00	234.00	48.60	30.12	100760.24	1847	0	BartonZwiebach	
46	0:00:29	1/1/2019 	23835	986.00	722.00	130.25	30.12	100760.24	49796	0	BartonZwiebach	
47	0:00:30	1/1/2019 	24249	972.00	447.00	80.61	30.12	100760.24	1851	0	BartonZwiebach	
48	0:00:30	1/1/2019 	24263	136.00	8.00	7.62	30.12	100760.24	1851	0	BartonZwiebach	
49	0:00:31	1/1/2019 	25251	965.00	306.00	58.05	30.12	100760.74	49786	0	BartonZwiebach	
50	0:00:31	1/1/2019 	25752	609.00	9.00	14.14	30.12	100760.57	51791	0	BartonZwiebach	
51	0:00:32	1/1/2019 	26080	643.00	9.00	14.48	30.12	100760.05	1849	0	BartonZwiebach	
52	0:00:33	1/1/2019 	27058	180.00	8.00	8.82	30.12	100759.88	49793	0	BartonZwiebach	
53	0:00:34	1/1/2019 	28381	223.00	8.00	9.79	30.12	100759.88	49793	0	BartonZwiebach	
54	0:00:35	1/1/2019 	29062	912.00	115.00	32.93	30.12	100759.71	49790	0	BartonZwiebach	
55	0:00:35	1/1/2019 	29469	534.00	8.00	13.12	30.12	100759.71	1852	0	BartonZwiebach	
56	0:00:35	1/1/2019 	29897	67.00	7.00	5.94	30.12	100759.55	51781	0	BartonZwiebach	
57	0:00:36	1/1/2019 	30349	521.00	8.00	13.00	30.12	100759.38	2610	0	BartonZwiebach	
58	0:00:36	1/1/2019 	30920	900.00	100.00	29.99	30.12	100759.21	49793	0	BartonZwiebach	
59	0:00:39	1/1/2019 	33573	186.00	7.00	8.96	30.12	100758.15	145672	0	BartonZwiebach	
60	0:00:40	1/1/2019 	34805	479.00	8.00	12.68	30.12	100758.15	49789	0	BartonZwiebach	
61	0:00:42	1/1/2019 	36245	114.00	7.00	6.97	30.11	100757.75	49788	0	BartonZwiebach	
62	0:00:43	1/1/2019 	37441	189.00	7.00	9.03	30.11	100757.39	51922	0	BartonZwiebach	
63	0:00:46	1/1/2019 	40757	593.00	8.00	13.75	30.11	100757.83	193604	0	BartonZwiebach	
64	0:00:48	1/1/2019 	42915	460.00	8.00	12.55	30.10	100756.41	98484	0	BartonZwiebach	
65	0:00:50	1/1/2019 	44174	629.00	9.00	14.36	30.10	100756.71	49788	0	BartonZwiebach	
66	0:00:50	1/1/2019 	44874	430.00	8.00	12.35	30.10	100757.21	49790	0	BartonZwiebach	
67	0:00:51	1/1/2019 	45875	79.00	7.00	6.12	30.10	100757.34	49787	0	BartonZwiebach	
68	0:00:52	1/1/2019 	46892	961.00	192.00	44.64	30.10	100757.45	51922	0	BartonZwiebach	
69	0:00:53	1/1/2019 	47105	82.00	7.00	6.17	30.10	100757.45	1850	0	BartonZwiebach	
70	0:00:53	1/1/2019 	47731	579.00	8.00	13.59	30.10	100757.95	49788	0	BartonZwiebach	
71	0:00:53	1/1/2019 	47775	184.00	7.00	8.91	30.10	100757.95	1848	0	BartonZwiebach	
72	0:00:54	1/1/2019 	48243	773.00	28.00	19.85	30.09	100757.89	1849	0	BartonZwiebach	
73	0:00:54	1/1/2019 	48579	916.00	116.00	33.13	30.09	100757.89	49790	0	BartonZwiebach	
74	0:00:54	1/1/2019 	48627	112.00	8.00	6.92	30.09	100758.39	3899	0	BartonZwiebach	
75	0:00:55	1/1/2019 	49094	829.00	60.00	23.59	30.09	100758.39	1847	0	BartonZwiebach	
76	0:00:55	1/1/2019 	49210	298.00	8.00	11.03	30.09	100758.89	1850	0	BartonZwiebach	
77	0:00:55	1/1/2019 	49886	84.00	8.00	6.21	30.09	100758.70	49786	0	BartonZwiebach	
78	0:00:57	1/1/2019 	51293	417.00	8.00	12.25	30.09	100758.47	50544	0	BartonZwiebach	
79	0:00:57	1/1/2019 	51479	773.00	29.00	20.02	30.09	100758.47	1849	0	BartonZwiebach	
80	0:00:57	1/1/2019 	51488	626.00	9.00	14.33	30.09	100758.47	3985	0	BartonZwiebach	
81	0:00:58	1/1/2019 	52062	916.00	126.00	35.06	30.09	100758.41	49789	0	BartonZwiebach	
82	0:00:59	1/1/2019 	53255	634.00	9.00	14.40	30.08	100758.81	49792	0	BartonZwiebach	
83	0:00:59	1/1/2019 	53870	568.00	8.00	13.47	30.08	100759.14	49789	0	BartonZwiebach	
84	0:01:01	1/1/2019 	55068	145.00	7.00	7.87	30.08	100759.05	49786	0	BartonZwiebach	
85	0:01:01	1/1/2019 	55106	61.00	7.00	5.89	30.08	100759.05	1850	0	BartonZwiebach	
86	0:01:01	1/1/2019 	55204	90.00	8.00	6.35	30.08	100759.05	3842	0	BartonZwiebach	
87	0:01:01	1/1/2019 	55643	82.00	7.00	6.17	30.08	100759.39	49784	0	BartonZwiebach	
88	0:01:03	1/1/2019 	57034	972.00	387.00	72.30	30.07	100760.66	49787	0	BartonZwiebach	
89	0:01:03	1/1/2019 	57836	83.00	7.00	6.19	30.07	100760.99	49797	0	BartonZwiebach	
90	0:01:04	1/1/2019 	58191	628.00	9.00	14.35	30.07	100761.33	1849	0	BartonZwiebach	
91	0:01:04	1/1/2019 	58625	460.00	8.00	12.55	30.07	100761.10	49790	0	BartonZwiebach	
92	0:01:04	1/1/2019 	58891	905.00	106.00	31.16	30.07	100761.10	3842	0	BartonZwiebach	
93	0:01:05	1/1/2019 	59667	748.00	20.00	18.15	30.07	100760.70	49792	0	BartonZwiebach	
94	0:01:07	1/1/2019 	61296	129.00	7.00	7.41	30.06	100760.67	50549	0	BartonZwiebach	
95	0:01:08	1/1/2019 	62903	592.00	8.00	13.74	30.06	100763.05	97723	0	BartonZwiebach	
96	0:01:09	1/1/2019 	63068	139.00	7.00	7.70	30.06	100763.05	1848	0	BartonZwiebach	
97	0:01:09	1/1/2019 	63548	86.00	7.00	6.26	30.06	100763.19	49787	0	BartonZwiebach	
98	0:01:10	1/1/2019 	64023	774.00	30.00	20.17	30.06	100763.52	4221	0	BartonZwiebach	
99	0:01:10	1/1/2019 	64496	338.00	8.00	11.53	30.05	100763.12	1852	0	BartonZwiebach	
100	0:01:11	1/1/2019 	65209	468.00	8.00	12.60	30.05	100763.45	49789	0	BartonZwiebach	
101	0:01:12	1/1/2019 	66890	899.00	104.00	30.75	30.05	100763.70	97730	0	BartonZwiebach	
102	0:01:14	1/1/2019 	68168	796.00	39.00	21.37	30.05	100762.67	49793	0	BartonZwiebach	
103	0:01:14	1/1/2019 	68957	174.00	7.00	8.66	30.04	100761.64	49793	0	BartonZwiebach	
104	0:01:15	1/1/2019 	69058	718.00	15.00	16.67	30.04	100761.64	3898	0	BartonZwiebach	
105	0:01:15	1/1/2019 	69314	977.00	321.00	60.64	30.04	100761.41	1851	0	BartonZwiebach	
106	0:01:16	1/1/2019 	70920	928.00	143.00	38.14	30.04	100759.52	97746	0	BartonZwiebach	
107	0:01:16	1/1/2019 	70979	686.00	12.00	15.62	30.04	100759.52	2609	0	BartonZwiebach	
108	0:01:17	1/1/2019 	71609	778.00	28.00	19.87	30.04	100758.99	49788	0	BartonZwiebach	
109	0:01:18	1/1/2019 	72212	970.00	302.00	57.39	30.04	100759.83	1852	0	BartonZwiebach	
110	0:01:18	1/1/2019 	72476	705.00	12.00	15.66	30.04	100759.83	3987	0	BartonZwiebach	
111	0:01:18	1/1/2019 	72654	130.00	7.00	7.44	30.04	100759.83	49789	0	BartonZwiebach	
112	0:01:19	1/1/2019 	73338	691.00	12.00	15.64	30.03	100758.93	1850	0	BartonZwiebach	
113	0:01:19	1/1/2019 	73423	77.00	7.00	6.08	30.03	100758.93	1849	0	BartonZwiebach	
114	0:01:19	1/1/2019 	73951	348.00	8.00	11.64	30.03	100757.70	49786	0	BartonZwiebach	
115	0:01:21	1/1/2019 	75724	880.00	89.00	27.91	30.03	100756.34	97723	0	BartonZwiebach	
116	0:01:21	1/1/2019 	75830	215.00	7.00	9.61	30.03	100756.34	3844	0	BartonZwiebach	
117	0:01:22	1/1/2019 	76006	973.00	394.00	73.41	30.03	100756.34	1848	0	BartonZwiebach	
118	0:01:22	1/1/2019 	76249	927.00	135.00	36.74	30.03	100755.95	1852	0	BartonZwiebach	
119	0:01:23	1/1/2019 	77042	434.00	8.00	12.37	30.03	100756.61	49793	0	BartonZwiebach	
120	0:01:23	1/1/2019 	77449	437.00	8.00	12.39	30.02	100755.38	1849	0	BartonZwiebach	
121	0:01:24	1/1/2019 	78117	152.00	7.00	8.07	30.02	100753.22	49787	0	BartonZwiebach	
122	0:01:24	1/1/2019 	78203	322.00	8.00	11.34	30.02	100753.22	3844	0	BartonZwiebach	
123	0:01:24	1/1/2019 	78601	104.00	7.00	6.70	30.02	100752.39	49788	0	BartonZwiebach	
124	0:01:24	1/1/2019 	78761	841.00	63.00	23.96	30.02	100752.39	1850	0	BartonZwiebach	
125	0:01:26	1/1/2019 	80064	61.00	8.00	5.90	30.02	100751.80	49791	0	BartonZwiebach	
126	0:01:28	1/1/2019 	82672	630.00	8.00	14.12	30.01	100751.51	146421	0	BartonZwiebach	
127	0:01:28	1/1/2019 	82674	98.00	7.00	6.54	30.01	100751.51	1849	0	BartonZwiebach	
128	0:01:29	1/1/2019 	83152	132.00	7.00	7.49	30.01	100752.50	3984	0	BartonZwiebach	
129	0:01:29	1/1/2019 	83323	281.00	7.00	10.76	30.01	100752.50	1851	0	BartonZwiebach	
130	0:01:29	1/1/2019 	83429	69.00	7.00	5.96	30.01	100752.50	1849	0	BartonZwiebach	
131	0:01:30	1/1/2019 	84107	76.00	7.00	6.06	30.01	100752.31	49787	0	BartonZwiebach	
132	0:01:30	1/1/2019 	84850	58.00	6.00	5.88	30.01	100754.81	49789	0	BartonZwiebach	
133	0:01:32	1/1/2019 	86103	597.00	7.00	13.60	30.01	100755.25	49788	0	BartonZwiebach	
134	0:01:32	1/1/2019 	86806	542.00	8.00	13.19	30.01	100755.91	51838	0	BartonZwiebach	
135	0:01:34	1/1/2019 	88269	785.00	34.00	20.76	30.00	100763.18	49787	0	BartonZwiebach	
136	0:01:34	1/1/2019 	88960	935.00	143.00	38.14	30.00	100766.65	49794	0	BartonZwiebach	
137	0:01:35	1/1/2019 	89868	285.00	8.00	10.85	30.00	100763.92	49794	0	BartonZwiebach	
138	0:01:36	1/1/2019 	90365	68.00	7.00	5.95	30.00	100762.76	2607	0	BartonZwiebach	
139	0:01:37	1/1/2019 	91142	105.00	7.00	6.72	30.00	100761.36	51923	0	BartonZwiebach	
140	0:01:37	1/1/2019 	91479	122.00	8.00	7.21	30.00	100760.53	1851	0	BartonZwiebach	
141	0:01:37	1/1/2019 	91579	94.00	7.00	6.44	30.00	100760.53	49784	0	BartonZwiebach	
142	0:01:37	1/1/2019 	91836	461.00	8.00	12.56	30.00	100759.86	1849	0	BartonZwiebach	
143	0:01:37	1/1/2019 	91864	181.00	7.00	8.84	30.00	100759.86	1848	0	BartonZwiebach	
144	0:01:37	1/1/2019 	91906	142.00	7.00	7.78	30.00	100759.86	1849	0	BartonZwiebach	
145	0:01:38	1/1/2019 	92467	958.00	164.00	41.35	29.99	100759.17	3843	0	BartonZwiebach	
146	0:01:39	1/1/2019 	93355	696.00	12.00	15.65	29.99	100758.84	49795	0	BartonZwiebach	
147	0:01:39	1/1/2019 	93951	595.00	8.00	13.78	29.99	100758.00	49789	0	BartonZwiebach	
148	0:01:40	1/1/2019 	94357	246.00	8.00	10.22	29.99	100757.31	1848	0	BartonZwiebach	
149	0:01:40	1/1/2019 	94725	920.00	123.00	34.50	29.99	100757.31	49789	0	BartonZwiebach	
150	0:01:41	1/1/2019 	95910	126.00	8.00	7.32	29.99	100758.14	49793	0	BartonZwiebach	
151	0:01:42	1/1/2019 	96103	911.00	118.00	33.51	29.99	100758.14	3842	0	BartonZwiebach	
152	0:01:42	1/1/2019 	96343	162.00	7.00	8.34	29.99	100757.94	1851	0	BartonZwiebach	
153	0:01:42	1/1/2019 	96406	544.00	8.00	13.21	29.99	100757.94	1849	0	BartonZwiebach	
154	0:01:42	1/1/2019 	96729	60.00	6.00	5.89	29.99	100758.27	49786	0	BartonZwiebach	
155	0:01:42	1/1/2019 	96812	967.00	180.00	43.35	29.99	100758.27	1849	0	BartonZwiebach	
156	0:01:43	1/1/2019 	97764	124.00	7.00	7.26	29.99	100757.38	49796	0	BartonZwiebach	
157	0:01:44	1/1/2019 	98747	442.00	7.00	12.35	29.99	100760.55	51788	0	BartonZwiebach	
158	0:01:46	1/1/2019 	100326	961.00	177.00	43.00	29.99	100771.48	49793	0	BartonZwiebach	
159	0:01:47	1/1/2019 	101347	210.00	7.00	9.51	29.98	100790.27	50555	0	BartonZwiebach	
160	0:01:47	1/1/2019 	101391	70.00	7.00	5.98	29.98	100790.27	1850	0	BartonZwiebach	
161	0:01:47	1/1/2019 	101858	454.00	10.00	12.66	29.98	100803.92	49787	0	BartonZwiebach	
162	0:01:49	1/1/2019 	103355	632.00	9.00	14.39	29.98	100842.33	49789	0	BartonZwiebach	
163	0:01:49	1/1/2019 	103771	928.00	132.00	36.20	29.98	100855.98	51982	0	BartonZwiebach	
164	0:01:51	1/1/2019 	105781	915.00	121.00	34.10	29.98	100846.27	97736	0	BartonZwiebach	
165	0:01:52	1/1/2019 	106059	464.00	7.00	12.49	29.98	100835.58	1851	0	BartonZwiebach	
166	0:01:52	1/1/2019 	106083	185.00	7.00	8.94	29.98	100835.58	1852	0	BartonZwiebach	
167	0:01:52	1/1/2019 	106575	74.00	7.00	6.03	29.98	100827.09	49787	0	BartonZwiebach	
168	0:01:52	1/1/2019 	106676	84.00	7.00	6.21	29.98	100827.09	1849	0	BartonZwiebach	
169	0:01:53	1/1/2019 	107741	126.00	7.00	7.32	29.98	100811.77	51780	0	BartonZwiebach	
170	0:01:54	1/1/2019 	108311	776.00	30.00	20.18	29.98	100804.94	1851	0	BartonZwiebach	
171	0:01:57	1/1/2019 	111476	63.00	7.00	5.91	29.97	100772.50	145675	0	BartonZwiebach	
172	0:01:59	1/1/2019 	113152	274.00	7.00	10.66	29.97	100772.84	98483	0	BartonZwiebach	
173	0:02:00	1/1/2019 	114216	786.00	35.00	20.89	29.97	100769.61	49792	0	BartonZwiebach	
174	0:02:01	1/1/2019 	115025	523.00	8.00	13.02	29.97	100767.28	49793	0	BartonZwiebach	
175	0:02:02	1/1/2019 	116577	888.00	97.00	29.39	29.96	100764.58	99861	0	BartonZwiebach	
176	0:02:02	1/1/2019 	116755	898.00	98.00	29.61	29.96	100764.58	1852	0	BartonZwiebach	
177	0:02:02	1/1/2019 	116942	152.00	7.00	8.07	29.96	100763.58	1850	0	BartonZwiebach	
178	0:02:03	1/1/2019 	117415	470.00	7.00	12.53	29.96	100762.75	1849	0	BartonZwiebach	
179	0:02:03	1/1/2019 	117808	665.00	10.00	14.90	29.96	100761.92	49790	0	BartonZwiebach	
180	0:02:03	1/1/2019 	117966	325.00	7.00	11.34	29.96	100761.92	1851	0	BartonZwiebach	
181	0:02:04	1/1/2019 	118378	755.00	24.00	19.07	29.96	100761.09	3843	0	BartonZwiebach	
182	0:02:06	1/1/2019 	120048	119.00	7.00	7.12	29.96	100758.53	97731	0	BartonZwiebach	
183	0:02:06	1/1/2019 	120636	165.00	7.00	8.42	29.96	100757.86	50549	0	BartonZwiebach	
184	0:02:06	1/1/2019 	120801	714.00	14.00	16.34	29.96	100757.36	1849	0	BartonZwiebach	
185	0:02:07	1/1/2019 	121390	303.00	8.00	11.10	29.96	100756.70	1851	0	BartonZwiebach	
186	0:02:07	1/1/2019 	121919	797.00	39.00	21.38	29.96	100756.36	51923	0	BartonZwiebach	
187	0:02:08	1/1/2019 	122057	125.00	7.00	7.29	29.96	100756.36	1850	0	BartonZwiebach	
188	0:02:08	1/1/2019 	122493	892.00	101.00	30.15	29.96	100755.36	1850	0	BartonZwiebach	
189	0:02:08	1/1/2019 	122576	536.00	8.00	13.14	29.96	100755.36	49793	0	BartonZwiebach	
190	0:02:09	1/1/2019 	123743	930.00	144.00	38.31	29.96	100755.30	49788	0	BartonZwiebach	
191	0:02:09	1/1/2019 	123883	112.00	7.00	6.92	29.96	100755.30	1852	0	BartonZwiebach	
192	0:02:10	1/1/2019 	124100	733.00	17.00	17.30	29.96	100755.30	3898	0	BartonZwiebach	
193	0:02:12	1/1/2019 	126479	666.00	10.00	14.90	29.96	100757.10	97731	0	BartonZwiebach	
194	0:02:13	1/1/2019 	127065	70.00	6.00	5.97	29.96	100758.94	49791	0	BartonZwiebach	
195	0:02:13	1/1/2019 	127478	136.00	7.00	7.61	29.96	100761.60	1849	0	BartonZwiebach	
196	0:02:13	1/1/2019 	127865	205.00	8.00	9.41	29.95	100763.04	49787	0	BartonZwiebach	
197	0:02:14	1/1/2019 	128164	163.00	7.00	8.37	29.95	100762.54	1847	0	BartonZwiebach	
198	0:02:15	1/1/2019 	129132	568.00	8.00	13.47	29.95	100766.20	51783	0	BartonZwiebach	
199	0:02:15	1/1/2019 	129152	732.00	16.00	17.01	29.95	100766.20	1850	0	BartonZwiebach	
200	0:02:15	1/1/2019 	129342	234.00	7.00	9.98	29.95	100766.20	1848	0	BartonZwiebach	
201	0:02:15	1/1/2019 	129779	171.00	7.00	8.58	29.95	100769.70	49790	0	BartonZwiebach	
202	0:02:16	1/1/2019 	130287	142.00	7.00	7.78	29.95	100769.03	2805	0	BartonZwiebach	
203	0:02:18	1/1/2019 	132416	799.00	41.00	21.59	29.95	100776.13	97728	0	BartonZwiebach	
204	0:02:18	1/1/2019 	132683	142.00	7.00	7.78	29.95	100778.97	51927	0	BartonZwiebach	
205	0:02:19	1/1/2019 	133676	188.00	7.00	9.01	29.95	100793.45	49789	0	BartonZwiebach	
206	0:02:20	1/1/2019 	134304	689.00	12.00	15.63	29.95	100793.09	1851	0	BartonZwiebach	
207	0:02:21	1/1/2019 	135294	194.00	7.00	9.15	29.95	100792.42	49790	0	BartonZwiebach	
208	0:02:21	1/1/2019 	135461	73.00	7.00	6.02	29.95	100790.42	1850	0	BartonZwiebach	
209	0:02:21	1/1/2019 	135805	117.00	7.00	7.06	29.95	100790.42	49787	0	BartonZwiebach	
210	0:02:22	1/1/2019 	136878	167.00	7.00	8.48	29.95	100790.09	51780	0	BartonZwiebach	
211	0:02:23	1/1/2019 	137051	210.00	7.00	9.51	29.95	100789.59	1851	0	BartonZwiebach	
212	0:02:24	1/1/2019 	138235	660.00	10.00	14.87	29.95	100785.70	49787	0	BartonZwiebach	
213	0:02:24	1/1/2019 	138389	232.00	7.00	9.95	29.95	100785.70	1852	0	BartonZwiebach	
214	0:02:26	1/1/2019 	140926	65.00	7.00	5.92	29.95	100779.20	145667	0	BartonZwiebach	
215	0:02:27	1/1/2019 	141459	547.00	8.00	13.24	29.95	100779.04	2806	0	BartonZwiebach	
216	0:02:27	1/1/2019 	141772	124.00	8.00	7.27	29.95	100779.04	51925	0	BartonZwiebach	
217	0:02:28	1/1/2019 	142248	670.00	10.00	14.92	29.95	100777.70	1848	0	BartonZwiebach	
218	0:02:28	1/1/2019 	142275	790.00	34.00	20.77	29.95	100777.70	1851	0	BartonZwiebach	
219	0:02:29	1/1/2019 	143239	369.00	8.00	11.85	29.95	100775.88	49795	0	BartonZwiebach	
220	0:02:29	1/1/2019 	143323	84.00	7.00	6.21	29.95	100774.38	1856	0	BartonZwiebach	
221	0:02:29	1/1/2019 	143563	966.00	190.00	44.43	29.95	100774.38	49798	0	BartonZwiebach	
222	0:02:29	1/1/2019 	143909	114.00	7.00	6.97	29.95	100773.38	3906	0	BartonZwiebach	
223	0:02:30	1/1/2019 	144009	574.00	9.00	13.69	29.95	100773.38	1856	0	BartonZwiebach	
224	0:02:30	1/1/2019 	144117	668.00	9.00	14.58	29.95	100773.38	1858	0	BartonZwiebach	
225	0:02:30	1/1/2019 	144198	580.00	8.00	13.61	29.95	100773.38	1857	0	BartonZwiebach	
226	0:02:30	1/1/2019 	144661	688.00	12.00	15.63	29.95	100776.38	49796	0	BartonZwiebach	
227	0:02:30	1/1/2019 	144729	920.00	122.00	34.30	29.95	100776.38	1858	0	BartonZwiebach	
228	0:02:30	1/1/2019 	144998	778.00	31.00	20.33	29.95	100781.04	3849	0	BartonZwiebach	
229	0:02:31	1/1/2019 	145196	910.00	123.00	34.48	29.95	100781.04	1850	0	BartonZwiebach	
230	0:02:31	1/1/2019 	145251	166.00	7.00	8.45	29.95	100781.04	1851	0	BartonZwiebach	
231	0:02:31	1/1/2019 	145694	132.00	7.00	7.49	29.95	100784.87	49789	0	BartonZwiebach	
232	0:02:32	1/1/2019 	146286	335.00	7.00	11.45	29.94	100792.80	1851	0	BartonZwiebach	
233	0:02:32	1/1/2019 	146551	330.00	7.00	11.39	29.94	100792.80	51784	0	BartonZwiebach	
234	0:02:32	1/1/2019 	146666	75.00	7.00	6.05	29.94	100792.80	1850	0	BartonZwiebach	
235	0:02:32	1/1/2019 	146761	84.00	7.00	6.21	29.94	100797.96	1850	0	BartonZwiebach	
236	0:02:32	1/1/2019 	146802	837.00	63.00	23.95	29.94	100797.96	1850	0	BartonZwiebach	
237	0:02:32	1/1/2019 	146861	964.00	173.00	42.52	29.94	100797.96	1850	0	BartonZwiebach	
238	0:02:33	1/1/2019 	147309	582.00	8.00	13.63	29.94	100804.30	1851	0	BartonZwiebach	
239	0:02:33	1/1/2019 	147809	730.00	18.00	17.57	29.94	100812.78	51782	0	BartonZwiebach	
240	0:02:35	1/1/2019 	149035	238.00	7.00	10.06	29.94	100829.11	49791	0	BartonZwiebach	
241	0:02:36	1/1/2019 	150173	601.00	8.00	13.84	29.94	100832.77	49794	0	BartonZwiebach	
242	0:02:37	1/1/2019 	151421	787.00	35.00	20.89	29.94	100836.77	50746	0	BartonZwiebach	
243	0:02:38	1/1/2019 	152291	906.00	115.00	32.92	29.94	100837.27	49794	0	BartonZwiebach	
244	0:02:38	1/1/2019 	152723	754.00	21.00	18.41	29.94	100837.94	49797	0	BartonZwiebach	
245	0:02:38	1/1/2019 	152802	389.00	8.00	12.03	29.94	100837.94	3984	0	BartonZwiebach	
246	0:02:39	1/1/2019 	153380	626.00	9.00	14.33	29.94	100839.56	1847	0	BartonZwiebach	
247	0:02:40	1/1/2019 	154079	570.00	8.00	13.49	29.94	100841.89	49792	0	BartonZwiebach	
248	0:02:40	1/1/2019 	154660	123.00	7.00	7.23	29.94	100852.72	49789	0	BartonZwiebach	
249	0:02:40	1/1/2019 	154740	130.00	7.00	7.44	29.94	100852.72	1849	0	BartonZwiebach	
250	0:02:41	1/1/2019 	155169	920.00	132.00	36.19	29.94	100861.88	1849	0	BartonZwiebach	
251	0:02:41	1/1/2019 	155180	160.00	7.00	8.29	29.94	100861.88	3845	0	BartonZwiebach	
252	0:02:41	1/1/2019 	155607	973.00	298.00	56.74	29.94	100870.38	49791	0	BartonZwiebach	
253	0:02:41	1/1/2019 	155861	660.00	9.00	14.57	29.94	100870.38	1859	0	BartonZwiebach	
254	0:02:42	1/1/2019 	156310	953.00	163.00	41.22	29.94	100871.70	1856	0	BartonZwiebach	
255	0:02:43	1/1/2019 	157096	396.00	7.00	12.02	29.94	100863.55	49797	0	BartonZwiebach	
256	0:02:43	1/1/2019 	157555	751.00	24.00	19.05	29.94	100863.88	49792	0	BartonZwiebach	
257	0:02:43	1/1/2019 	157635	846.00	62.00	23.85	29.94	100863.88	3844	0	BartonZwiebach	
258	0:02:44	1/1/2019 	158307	924.00	137.00	37.09	29.94	100866.38	1853	0	BartonZwiebach	
259	0:02:46	1/1/2019 	160286	284.00	7.00	10.80	29.94	100846.03	97744	0	BartonZwiebach	
260	0:02:48	1/1/2019 	162176	869.00	88.00	27.69	29.94	100819.22	98689	0	BartonZwiebach	
261	0:02:48	1/1/2019 	162493	59.00	7.00	5.89	29.94	100811.53	1851	0	BartonZwiebach	
262	0:02:48	1/1/2019 	162685	790.00	34.00	20.77	29.94	100811.53	49789	0	BartonZwiebach	
263	0:02:49	1/1/2019 	163817	719.00	15.00	16.67	29.94	100801.87	51929	0	BartonZwiebach	
264	0:02:50	1/1/2019 	164950	957.00	168.00	41.89	29.94	100792.71	49794	0	BartonZwiebach	
265	0:02:51	1/1/2019 	165018	82.00	7.00	6.17	29.94	100792.71	1851	0	BartonZwiebach	
266	0:02:51	1/1/2019 	165140	507.00	8.00	12.88	29.94	100792.71	1850	0	BartonZwiebach	
267	0:02:52	1/1/2019 	166433	305.00	7.00	11.09	29.94	100779.22	49791	0	BartonZwiebach	
268	0:02:55	1/1/2019 	169691	965.00	256.00	50.93	29.93	100713.38	195611	0	BartonZwiebach	
269	0:02:56	1/1/2019 	170170	209.00	8.00	9.50	29.93	100692.56	2810	0	BartonZwiebach	
270	0:02:56	1/1/2019 	170820	108.00	7.00	6.81	29.93	100644.60	49788	0	BartonZwiebach	
271	0:02:57	1/1/2019 	171299	84.00	7.00	6.21	29.93	100611.46	1849	0	BartonZwiebach	
272	0:02:57	1/1/2019 	171574	665.00	10.00	14.90	29.93	100611.46	49789	0	BartonZwiebach	
273	0:02:58	1/1/2019 	172402	175.00	7.00	8.69	29.93	100525.20	1851	0	BartonZwiebach	
274	0:03:00	1/1/2019 	174854	961.00	199.00	45.33	29.93	99916.75	147806	0	BartonZwiebach	
275	0:03:01	1/1/2019 	175241	221.00	7.00	9.73	29.93	99618.77	1851	0	BartonZwiebach	
276	0:03:01	1/1/2019 	175594	101.00	7.00	6.62	29.93	99618.77	49792	0	BartonZwiebach	
277	0:03:03	1/1/2019 	177056	964.00	257.00	51.04	29.93	97846.27	49791	0	BartonZwiebach	
278	0:03:03	1/1/2019 	177181	515.00	7.00	12.84	29.93	96746.77	1852	0	BartonZwiebach	
279	0:03:03	1/1/2019 	177259	409.00	7.00	12.12	29.93	96746.77	1849	0	BartonZwiebach	
280	0:03:03	1/1/2019 	177372	62.00	7.00	5.90	29.93	96746.77	3842	0	BartonZwiebach	
281	0:03:03	1/1/2019 	177416	113.00	7.00	6.95	29.93	96746.77	1849	0	BartonZwiebach	
282	0:03:04	1/1/2019 	178050	841.00	73.00	25.25	29.92	95634.23	49790	0	BartonZwiebach	
283	0:03:04	1/1/2019 	178657	898.00	99.00	29.79	29.92	92884.52	49797	0	BartonZwiebach	
284	0:03:04	1/1/2019 	178903	968.00	237.00	48.90	29.92	92884.52	1850	0	BartonZwiebach	
285	0:03:05	1/1/2019 	179201	925.00	134.00	36.56	29.92	91341.23	1851	0	BartonZwiebach	
286	0:03:05	1/1/2019 	179593	602.00	8.00	13.85	29.92	91341.23	51792	0	BartonZwiebach	
287	0:03:05	1/1/2019 	179730	239.00	7.00	10.08	29.92	89919.55	2803	0	BartonZwiebach	
288	0:03:06	1/1/2019 	180096	81.00	7.00	6.15	29.92	89919.55	1850	0	BartonZwiebach	
289	0:03:06	1/1/2019 	180170	800.00	40.00	21.49	29.92	88599.42	1850	0	BartonZwiebach	
290	0:03:06	1/1/2019 	180862	88.00	7.00	6.30	29.91	87374.25	49794	0	BartonZwiebach	
291	0:03:07	1/1/2019 	181059	98.00	7.00	6.54	29.91	87374.25	1849	0	BartonZwiebach	
292	0:03:07	1/1/2019 	181954	122.00	7.00	7.20	29.91	85176.36	51925	0	BartonZwiebach	
293	0:03:10	1/1/2019 	184731	874.00	88.00	27.71	29.90	80162.88	145675	0	BartonZwiebach	
294	0:03:10	1/1/2019 	184744	821.00	58.00	23.36	29.90	80162.88	1858	0	BartonZwiebach	
295	0:03:11	1/1/2019 	185055	150.00	7.00	8.01	29.90	79510.89	1855	0	BartonZwiebach	
296	0:03:11	1/1/2019 	185125	87.00	7.00	6.28	29.90	79510.89	1850	0	BartonZwiebach	
297	0:03:11	1/1/2019 	185238	74.00	7.00	6.03	29.90	79510.89	1849	0	BartonZwiebach	
298	0:03:11	1/1/2019 	185834	181.00	7.00	8.84	29.90	78903.48	51783	0	BartonZwiebach	
299	0:03:11	1/1/2019 	185993	722.00	16.00	16.98	29.90	78903.48	1850	0	BartonZwiebach	
300	0:03:14	1/1/2019 	188982	287.00	8.00	10.88	29.90	75648.86	145676	0	BartonZwiebach	
301	0:03:15	1/1/2019 	189165	970.00	295.00	56.26	29.90	75648.86	1850	0	BartonZwiebach	
302	0:03:16	1/1/2019 	190066	200.00	7.00	9.29	29.89	74987.70	49799	0	BartonZwiebach	
303	0:03:17	1/1/2019 	191295	380.00	5.00	11.76	29.89	74421.36	50748	0	BartonZwiebach	
304	0:03:18	1/1/2019 	192298	118.00	6.00	7.09	29.89	73933.03	51928	0	BartonZwiebach	
305	0:03:19	1/1/2019 	193090	916.00	129.00	35.62	29.89	73509.91	49791	0	BartonZwiebach	
306	0:03:20	1/1/2019 	194629	632.00	9.00	14.39	29.89	72984.14	97743	0	BartonZwiebach	
307	0:03:20	1/1/2019 	194807	666.00	10.00	14.90	29.89	72984.14	1850	0	BartonZwiebach	
308	0:03:20	1/1/2019 	194833	596.00	8.00	13.79	29.89	72984.14	1850	0	BartonZwiebach	
309	0:03:21	1/1/2019 	195760	520.00	8.00	12.99	29.89	72693.23	49789	0	BartonZwiebach	
310	0:03:22	1/1/2019 	196283	110.00	6.00	6.86	29.89	72561.80	3841	0	BartonZwiebach	
311	0:03:23	1/1/2019 	197218	417.00	8.00	12.25	29.89	72327.00	49790	0	BartonZwiebach	
312	0:03:24	1/1/2019 	198564	218.00	7.00	9.67	29.89	72031.72	97729	0	BartonZwiebach	
313	0:03:24	1/1/2019 	198612	269.00	7.00	10.58	29.89	72031.72	1849	0	BartonZwiebach	
314	0:03:24	1/1/2019 	198905	288.00	8.00	10.89	29.89	71946.06	1849	0	BartonZwiebach	
315	0:03:24	1/1/2019 	198952	444.00	8.00	12.44	29.89	71946.06	1847	0	BartonZwiebach	
316	0:03:25	1/1/2019 	199932	102.00	7.00	6.64	29.89	71794.98	51783	0	BartonZwiebach	
317	0:03:26	1/1/2019 	200274	268.00	7.00	10.56	29.89	71727.23	2805	0	BartonZwiebach	
318	0:03:26	1/1/2019 	200952	716.00	15.00	16.66	29.89	71664.59	49793	0	BartonZwiebach	
319	0:03:28	1/1/2019 	202000	264.00	7.00	10.50	29.89	71549.20	49791	0	BartonZwiebach	
320	0:03:30	1/1/2019 	204743	852.00	69.00	24.73	29.89	70653.95	145676	0	BartonZwiebach	
321	0:03:31	1/1/2019 	205381	713.00	15.00	16.66	29.89	70479.11	1851	0	BartonZwiebach	
322	0:03:31	1/1/2019 	205496	421.00	8.00	12.28	29.89	70479.11	3985	0	BartonZwiebach	
323	0:03:32	1/1/2019 	206029	64.00	7.00	5.91	29.89	70316.48	49791	0	BartonZwiebach	
324	0:03:32	1/1/2019 	206476	63.00	6.00	5.91	29.89	70164.91	1849	0	BartonZwiebach	
325	0:03:32	1/1/2019 	206757	852.00	66.00	24.35	29.89	70024.20	49790	0	BartonZwiebach	
326	0:03:33	1/1/2019 	207193	56.00	7.00	5.88	29.89	69893.23	1849	0	BartonZwiebach	
327	0:03:33	1/1/2019 	207343	87.00	7.00	6.28	29.89	69893.23	1850	0	BartonZwiebach	
328	0:03:33	1/1/2019 	207393	100.00	6.00	6.59	29.89	69893.23	3842	0	BartonZwiebach	
329	0:03:34	1/1/2019 	208657	416.00	8.00	12.24	29.89	69552.90	97730	0	BartonZwiebach	
330	0:03:35	1/1/2019 	209162	113.00	7.00	6.95	29.89	69454.56	1849	0	BartonZwiebach	
331	0:03:35	1/1/2019 	209292	968.00	197.00	45.14	29.89	69454.56	1849	0	BartonZwiebach	
332	0:03:35	1/1/2019 	209316	294.00	7.00	10.94	29.89	69454.56	1850	0	BartonZwiebach	
333	0:03:35	1/1/2019 	209887	62.00	7.00	5.90	29.89	69363.14	51785	0	BartonZwiebach	
334	0:03:36	1/1/2019 	210598	386.00	7.00	11.94	29.89	69199.27	50745	0	BartonZwiebach	
335	0:03:37	1/1/2019 	211024	893.00	100.00	29.97	29.89	69199.27	1850	0	BartonZwiebach	
336	0:03:37	1/1/2019 	211204	898.00	102.00	30.37	29.89	69125.64	1852	0	BartonZwiebach	
337	0:03:37	1/1/2019 	211596	797.00	36.00	21.03	29.89	69057.12	49797	0	BartonZwiebach	
338	0:03:37	1/1/2019 	211637	637.00	9.00	14.43	29.89	69057.12	1856	0	BartonZwiebach	
339	0:03:37	1/1/2019 	211721	140.00	7.00	7.73	29.89	69057.12	3989	0	BartonZwiebach	
340	0:03:38	1/1/2019 	212162	769.00	27.00	19.67	29.89	68993.56	1854	0	BartonZwiebach	
341	0:03:38	1/1/2019 	212712	97.00	7.00	6.51	29.89	68934.36	49793	0	BartonZwiebach	
342	0:03:38	1/1/2019 	212782	841.00	64.00	24.08	29.89	68934.36	1850	0	BartonZwiebach	
343	0:03:40	1/1/2019 	214602	631.00	8.00	14.12	29.89	68738.23	97735	0	BartonZwiebach	
344	0:03:40	1/1/2019 	214890	914.00	116.00	33.13	29.89	68738.23	1849	0	BartonZwiebach	
345	0:03:41	1/1/2019 	215262	314.00	7.00	11.20	29.89	68698.05	3845	0	BartonZwiebach	
346	0:03:41	1/1/2019 	215382	168.00	7.00	8.50	29.89	68698.05	1851	0	BartonZwiebach	
347	0:03:41	1/1/2019 	215945	606.00	8.00	13.90	29.89	68626.74	49789	0	BartonZwiebach	
348	0:03:42	1/1/2019 	216420	80.00	7.00	6.13	29.89	68626.74	1848	0	BartonZwiebach	
349	0:03:42	1/1/2019 	216464	370.00	8.00	11.86	29.89	68595.12	1852	0	BartonZwiebach	
350	0:03:42	1/1/2019 	216670	646.00	9.00	14.50	29.89	68595.12	49795	0	BartonZwiebach	
351	0:03:43	1/1/2019 	217362	847.00	72.00	25.13	29.89	68565.81	3901	0	BartonZwiebach	
352	0:03:43	1/1/2019 	217670	826.00	63.00	23.93	29.89	68538.89	49795	0	BartonZwiebach	
353	0:03:43	1/1/2019 	217925	401.00	8.00	12.13	29.89	68513.95	1850	0	BartonZwiebach	
354	0:03:44	1/1/2019 	218676	709.00	15.00	16.64	29.89	68490.73	49789	0	BartonZwiebach	
355	0:03:44	1/1/2019 	218742	245.00	7.00	10.18	29.89	68490.73	1851	0	BartonZwiebach	
356	0:03:45	1/1/2019 	219928	90.00	7.00	6.34	29.89	68432.45	49794	0	BartonZwiebach	
357	0:03:46	1/1/2019 	220158	174.00	7.00	8.66	29.89	68432.45	4939	0	BartonZwiebach	
358	0:03:46	1/1/2019 	220245	730.00	17.00	17.30	29.89	68432.45	1850	0	BartonZwiebach	
359	0:03:46	1/1/2019 	220749	661.00	10.00	14.88	29.89	68416.31	49793	0	BartonZwiebach	
360	0:03:46	1/1/2019 	220776	98.00	7.00	6.54	29.89	68416.31	1850	0	BartonZwiebach	
361	0:03:47	1/1/2019 	221467	703.00	13.00	16.00	29.89	68387.83	1848	0	BartonZwiebach	
362	0:03:47	1/1/2019 	221653	967.00	227.00	47.93	29.89	68387.83	49791	0	BartonZwiebach	
363	0:03:47	1/1/2019 	221726	178.00	7.00	8.76	29.89	68387.83	3843	0	BartonZwiebach	
364	0:03:49	1/1/2019 	223424	692.00	12.00	15.64	29.89	68344.69	49791	0	BartonZwiebach	
365	0:03:50	1/1/2019 	224749	181.00	7.00	8.84	29.88	68328.97	97731	0	BartonZwiebach	
366	0:03:51	1/1/2019 	225431	76.00	7.00	6.06	29.88	68316.62	1852	0	BartonZwiebach	
367	0:03:53	1/1/2019 	227297	255.00	7.00	10.36	29.88	68300.98	97734	0	BartonZwiebach	
368	0:03:53	1/1/2019 	227907	121.00	7.00	7.18	29.88	68298.51	49791	0	BartonZwiebach	
369	0:03:54	1/1/2019 	228422	762.00	25.00	19.29	29.88	68296.11	3842	0	BartonZwiebach	
370	0:03:54	1/1/2019 	228770	896.00	102.00	30.36	29.88	68294.47	49795	0	BartonZwiebach	
371	0:03:54	1/1/2019 	228841	136.00	7.00	7.61	29.88	68294.47	1849	0	BartonZwiebach	
372	0:03:55	1/1/2019 	229431	982.00	674.00	121.49	29.88	68293.48	1850	0	BartonZwiebach	
373	0:03:55	1/1/2019 	229439	68.00	7.00	5.95	29.88	68293.48	1852	0	BartonZwiebach	
374	0:03:55	1/1/2019 	229710	765.00	27.00	19.66	29.88	68292.66	49790	0	BartonZwiebach	
375	0:03:55	1/1/2019 	229897	972.00	286.00	54.88	29.88	68292.66	4913	0	BartonZwiebach	
376	0:03:56	1/1/2019 	230035	510.00	7.00	12.80	29.88	68292.66	1850	0	BartonZwiebach	
377	0:03:56	1/1/2019 	230482	805.00	51.00	22.60	29.88	68292.00	1851	0	BartonZwiebach	
378	0:03:56	1/1/2019 	230574	594.00	8.00	13.77	29.88	68292.00	49794	0	BartonZwiebach	
379	0:03:56	1/1/2019 	230624	966.00	204.00	45.81	29.88	68292.00	1849	0	BartonZwiebach	
380	0:03:59	1/1/2019 	233814	68.00	6.00	5.95	29.88	68297.03	145688	0	BartonZwiebach	
381	0:03:59	1/1/2019 	233925	918.00	121.00	34.11	29.88	68297.03	6370	0	BartonZwiebach	
382	0:04:00	1/1/2019 	234028	69.00	7.00	5.96	29.88	68297.03	1851	0	BartonZwiebach	
383	0:04:00	1/1/2019 	234058	112.00	7.00	6.92	29.88	68297.03	1851	0	BartonZwiebach	
384	0:04:00	1/1/2019 	234583	261.00	7.00	10.45	29.88	68298.42	49789	0	BartonZwiebach	
385	0:04:01	1/1/2019 	235110	776.00	32.00	20.47	29.88	68302.53	1850	0	BartonZwiebach	
386	0:04:01	1/1/2019 	235155	158.00	7.00	8.23	29.88	68302.53	1849	0	BartonZwiebach	
387	0:04:01	1/1/2019 	235429	111.00	7.00	6.89	29.88	68302.53	3842	0	BartonZwiebach	
388	0:04:01	1/1/2019 	235931	978.00	411.00	75.95	29.88	68304.44	49791	0	BartonZwiebach	
389	0:04:04	1/1/2019 	238714	828.00	64.00	24.05	29.87	68320.22	145703	0	BartonZwiebach	
390	0:04:04	1/1/2019 	238960	796.00	37.00	21.15	29.87	68320.22	1850	0	BartonZwiebach	
391	0:04:05	1/1/2019 	239639	576.00	8.00	13.56	29.87	68326.15	49793	0	BartonZwiebach	
392	0:04:06	1/1/2019 	240374	551.00	7.00	13.15	29.87	68329.45	2606	0	BartonZwiebach	
393	0:04:06	1/1/2019 	240783	134.00	7.00	7.55	29.87	68332.73	51926	0	BartonZwiebach	
394	0:04:08	1/1/2019 	242035	107.00	7.00	6.78	29.87	68342.55	49789	0	BartonZwiebach	
395	0:04:08	1/1/2019 	242060	708.00	13.00	16.01	29.87	68342.55	1851	0	BartonZwiebach	
396	0:04:08	1/1/2019 	242090	454.00	10.00	12.66	29.87	68342.55	1850	0	BartonZwiebach	
397	0:04:08	1/1/2019 	242856	85.00	7.00	6.23	29.87	68346.00	49792	0	BartonZwiebach	
398	0:04:08	1/1/2019 	242983	602.00	8.00	13.85	29.87	68349.20	1849	0	BartonZwiebach	
399	0:04:09	1/1/2019 	243340	895.00	109.00	31.71	29.87	68349.20	3841	0	BartonZwiebach	
400	0:04:09	1/1/2019 	243794	180.00	7.00	8.81	29.87	68352.83	49796	0	BartonZwiebach	
401	0:04:09	1/1/2019 	243880	911.00	110.00	31.95	29.87	68352.83	1850	0	BartonZwiebach	
402	0:04:10	1/1/2019 	244746	80.00	6.00	6.13	29.86	68359.81	49795	0	BartonZwiebach	
403	0:04:11	1/1/2019 	245291	111.00	7.00	6.89	29.86	68363.44	1849	0	BartonZwiebach	
404	0:04:12	1/1/2019 	246126	239.00	7.00	10.08	29.86	68371.27	51785	0	BartonZwiebach	
405	0:04:12	1/1/2019 	246500	87.00	7.00	6.28	29.86	68375.38	1853	0	BartonZwiebach	
406	0:04:14	1/1/2019 	248091	237.00	7.00	10.04	29.86	68386.58	97781	0	BartonZwiebach	
407	0:04:14	1/1/2019 	248434	150.00	7.00	8.01	29.86	68390.52	1850	0	BartonZwiebach	
408	0:04:15	1/1/2019 	249032	848.00	57.00	23.30	29.86	68394.48	49791	0	BartonZwiebach	
409	0:04:15	1/1/2019 	249285	185.00	7.00	8.94	29.86	68394.48	1850	0	BartonZwiebach	
410	0:04:15	1/1/2019 	249878	889.00	101.00	30.14	29.85	68401.65	51840	0	BartonZwiebach	
411	0:04:17	1/1/2019 	251272	586.00	8.00	13.67	29.85	68408.97	50553	0	BartonZwiebach	
412	0:04:17	1/1/2019 	251904	228.00	7.00	9.87	29.85	68417.69	49787	0	BartonZwiebach	
413	0:04:18	1/1/2019 	252023	71.00	7.00	5.99	29.85	68417.69	1849	0	BartonZwiebach	
414	0:04:18	1/1/2019 	252070	557.00	8.00	13.35	29.85	68417.69	1851	0	BartonZwiebach	
415	0:04:18	1/1/2019 	252666	973.00	320.00	60.46	29.85	68421.73	49787	0	BartonZwiebach	
416	0:04:19	1/1/2019 	253993	209.00	7.00	9.48	29.85	68434.73	51933	0	BartonZwiebach	
417	0:04:20	1/1/2019 	254126	138.00	6.00	7.66	29.85	68434.73	1850	0	BartonZwiebach	
418	0:04:20	1/1/2019 	254198	77.00	7.00	6.08	29.85	68434.73	1849	0	BartonZwiebach	
419	0:04:21	1/1/2019 	255734	67.00	7.00	5.94	29.84	68450.03	97728	0	BartonZwiebach	
420	0:04:22	1/1/2019 	256185	247.00	7.00	10.22	29.84	68453.98	1850	0	BartonZwiebach	
421	0:04:22	1/1/2019 	256700	100.00	7.00	6.59	29.84	68457.61	49792	0	BartonZwiebach	
422	0:04:23	1/1/2019 	257048	97.00	7.00	6.51	29.84	68457.61	3842	0	BartonZwiebach	
423	0:04:24	1/1/2019 	258041	74.00	7.00	6.03	29.84	68464.94	49790	0	BartonZwiebach	
424	0:04:24	1/1/2019 	258155	485.00	8.00	12.72	29.84	68468.56	1851	0	BartonZwiebach	
425	0:04:24	1/1/2019 	258488	394.00	7.00	12.01	29.84	68468.56	1847	0	BartonZwiebach	
426	0:04:25	1/1/2019 	259180	184.00	7.00	8.91	29.84	68475.72	49791	0	BartonZwiebach	
427	0:04:25	1/1/2019 	259442	470.00	8.00	12.62	29.84	68475.72	1850	0	BartonZwiebach	
428	0:04:26	1/1/2019 	260461	58.00	7.00	5.88	29.84	68482.70	51782	0	BartonZwiebach	
429	0:04:26	1/1/2019 	260639	773.00	29.00	20.02	29.84	68486.48	50550	0	BartonZwiebach	
430	0:04:27	1/1/2019 	261387	189.00	7.00	9.03	29.84	68490.11	1850	0	BartonZwiebach	
431	0:04:27	1/1/2019 	261798	962.00	174.00	42.64	29.83	68493.66	49790	0	BartonZwiebach	
432	0:04:28	1/1/2019 	262002	385.00	7.00	11.93	29.83	68493.66	1850	0	BartonZwiebach	
433	0:04:28	1/1/2019 	262024	190.00	7.00	9.06	29.83	68493.66	1850	0	BartonZwiebach	
434	0:04:28	1/1/2019 	262422	108.00	7.00	6.81	29.83	68497.28	3984	0	BartonZwiebach	
435	0:04:28	1/1/2019 	262606	574.00	8.00	13.54	29.83	68500.74	49789	0	BartonZwiebach	
436	0:04:29	1/1/2019 	263039	888.00	104.00	30.71	29.83	68500.74	1848	0	BartonZwiebach	
437	0:04:29	1/1/2019 	263207	95.00	7.00	6.46	29.83	68504.12	1853	0	BartonZwiebach	
438	0:04:29	1/1/2019 	263580	148.00	7.00	7.96	29.83	68507.75	49793	0	BartonZwiebach	
439	0:04:29	1/1/2019 	263935	921.00	131.00	36.00	29.83	68507.75	1850	0	BartonZwiebach	
440	0:04:31	1/1/2019 	265111	168.00	7.00	8.50	29.83	68518.02	51843	0	BartonZwiebach	
441	0:04:31	1/1/2019 	265358	69.00	7.00	5.96	29.83	68518.02	1850	0	BartonZwiebach	
442	0:04:32	1/1/2019 	266002	62.00	7.00	5.90	29.83	68525.27	49790	0	BartonZwiebach	
443	0:04:33	1/1/2019 	267132	894.00	107.00	31.32	29.83	68532.28	49792	0	BartonZwiebach	
444	0:04:33	1/1/2019 	267788	78.00	6.00	6.10	29.82	68535.48	49794	0	BartonZwiebach	
445	0:04:34	1/1/2019 	268080	603.00	8.00	13.87	29.82	68538.94	1848	0	BartonZwiebach	
446	0:04:34	1/1/2019 	268140	218.00	7.00	9.67	29.82	68538.94	3842	0	BartonZwiebach	
447	0:04:35	1/1/2019 	269017	619.00	8.00	14.03	29.82	68545.61	49790	0	BartonZwiebach	
448	0:04:35	1/1/2019 	269443	333.00	6.00	11.38	29.82	68549.07	1848	0	BartonZwiebach	
449	0:04:37	1/1/2019 	271177	562.00	11.00	13.80	29.82	68558.53	97734	0	BartonZwiebach	
450	0:04:38	1/1/2019 	272282	794.00	37.00	21.15	29.82	68564.85	50550	0	BartonZwiebach	
451	0:04:39	1/1/2019 	273360	192.00	7.00	9.10	29.82	68574.07	49794	0	BartonZwiebach	
452	0:04:40	1/1/2019 	274131	959.00	207.00	46.09	29.81	68576.80	51925	0	BartonZwiebach	
453	0:04:40	1/1/2019 	274445	785.00	31.00	20.35	29.81	68579.92	1851	0	BartonZwiebach	
454	0:04:40	1/1/2019 	274899	562.00	8.00	13.40	29.81	68582.80	49794	0	BartonZwiebach	
455	0:04:40	1/1/2019 	274938	568.00	8.00	13.47	29.81	68582.80	1848	0	BartonZwiebach	
456	0:04:40	1/1/2019 	274982	251.00	7.00	10.29	29.81	68582.80	1847	0	BartonZwiebach	
457	0:04:41	1/1/2019 	275311	94.00	7.00	6.44	29.81	68582.80	1850	0	BartonZwiebach	
458	0:04:43	1/1/2019 	277568	363.00	7.00	11.74	29.81	68597.36	147665	0	BartonZwiebach	
459	0:04:43	1/1/2019 	277994	157.00	7.00	8.21	29.81	68600.27	1851	0	BartonZwiebach	
460	0:04:44	1/1/2019 	278268	66.00	7.00	5.93	29.81	68603.23	1850	0	BartonZwiebach	
461	0:04:45	1/1/2019 	279383	174.00	8.00	8.67	29.80	68608.57	49791	0	BartonZwiebach	
462	0:04:45	1/1/2019 	279926	712.00	14.00	16.34	29.80	68611.37	49787	0	BartonZwiebach	
463	0:04:46	1/1/2019 	280179	969.00	289.00	55.33	29.80	68611.37	2609	0	BartonZwiebach	
464	0:04:46	1/1/2019 	280920	522.00	7.00	12.89	29.80	68617.20	51932	0	BartonZwiebach	
465	0:04:46	1/1/2019 	280965	717.00	15.00	16.67	29.80	68617.20	1850	0	BartonZwiebach	
466	0:04:47	1/1/2019 	281187	203.00	7.00	9.35	29.80	68617.20	1850	0	BartonZwiebach	
467	0:04:48	1/1/2019 	282673	613.00	8.00	13.97	29.80	68625.03	97728	0	BartonZwiebach	
468	0:04:48	1/1/2019 	282694	932.00	144.00	38.31	29.80	68627.66	1849	0	BartonZwiebach	
469	0:04:49	1/1/2019 	283950	112.00	7.00	6.92	29.80	68632.67	49795	0	BartonZwiebach	
470	0:04:50	1/1/2019 	284237	298.00	7.00	11.00	29.79	68634.91	3900	0	BartonZwiebach	
471	0:04:50	1/1/2019 	284844	741.00	18.00	17.60	29.79	68637.54	49792	0	BartonZwiebach	
472	0:04:51	1/1/2019 	285903	65.00	7.00	5.92	29.79	68642.39	49792	0	BartonZwiebach	
473	0:04:53	1/1/2019 	287247	761.00	27.00	19.65	29.79	68649.70	49790	0	BartonZwiebach	
474	0:04:53	1/1/2019 	287382	338.00	8.00	11.53	29.79	68649.70	1851	0	BartonZwiebach	
475	0:04:53	1/1/2019 	287594	691.00	12.00	15.64	29.79	68651.94	49789	0	BartonZwiebach	
476	0:04:54	1/1/2019 	288195	621.00	9.00	14.28	29.79	68654.41	3842	0	BartonZwiebach	
477	0:04:54	1/1/2019 	288565	89.00	7.00	6.32	29.79	68654.41	49791	0	BartonZwiebach	
478	0:04:55	1/1/2019 	289064	130.00	7.00	7.44	29.79	68659.67	1850	0	BartonZwiebach	
479	0:04:58	1/1/2019 	292070	72.00	6.00	6.00	29.78	68674.39	145671	0	BartonZwiebach	
480	0:04:59	1/1/2019 	293097	509.00	7.00	12.79	29.78	68679.09	50549	0	BartonZwiebach	
481	0:04:59	1/1/2019 	293146	86.00	7.00	6.26	29.78	68679.09	1851	0	BartonZwiebach	
482	0:04:59	1/1/2019 	293176	73.00	7.00	6.02	29.78	68679.09	3983	0	BartonZwiebach	
483	0:04:59	1/1/2019 	293405	963.00	186.00	44.01	29.78	68679.09	1850	0	BartonZwiebach	
484	0:05:00	1/1/2019 	294800	112.00	7.00	6.92	29.77	68686.73	97742	0	BartonZwiebach	
485	0:05:00	1/1/2019 	294891	780.00	31.00	20.34	29.77	68686.73	1850	0	BartonZwiebach	
486	0:05:02	1/1/2019 	296063	214.00	3.00	9.52	29.77	68693.91	49793	0	BartonZwiebach	
487	0:05:05	1/1/2019 	298951	664.00	10.00	14.89	29.77	68707.57	145672	0	BartonZwiebach	
488	0:05:06	1/1/2019 	300100	735.00	21.00	18.34	29.76	68712.48	51788	0	BartonZwiebach	
489	0:05:06	1/1/2019 	300924	581.00	8.00	13.62	29.76	68718.41	50552	0	BartonZwiebach	
490	0:05:07	1/1/2019 	301045	601.00	7.00	13.64	29.76	68718.41	1848	0	BartonZwiebach	
491	0:05:08	1/1/2019 	302312	916.00	125.00	34.87	29.76	68723.77	49791	0	BartonZwiebach	
492	0:05:08	1/1/2019 	302485	789.00	35.00	20.89	29.76	68726.47	1853	0	BartonZwiebach	
493	0:05:09	1/1/2019 	303163	77.00	7.00	6.08	29.76	68729.27	51928	0	BartonZwiebach	
494	0:05:09	1/1/2019 	303898	718.00	16.00	16.97	29.75	68734.45	49791	0	BartonZwiebach	
495	0:05:11	1/1/2019 	305208	694.00	12.00	15.64	29.75	68739.64	49788	0	BartonZwiebach	
496	0:05:12	1/1/2019 	306448	158.00	7.00	8.23	29.75	68747.29	49792	0	BartonZwiebach	
497	0:05:12	1/1/2019 	306843	915.00	120.00	33.91	29.75	68749.69	49791	0	BartonZwiebach	
498	0:05:13	1/1/2019 	307385	63.00	7.00	5.91	29.75	68752.16	1850	0	BartonZwiebach	
499	0:05:15	1/1/2019 	309006	87.00	9.00	6.28	29.75	68759.16	99799	0	BartonZwiebach	
500	0:05:15	1/1/2019 	309786	84.00	6.00	6.21	29.74	68764.00	49793	0	BartonZwiebach	
501	0:05:15	1/1/2019 	309869	921.00	129.00	35.63	29.74	68764.00	2608	0	BartonZwiebach	
502	0:05:18	1/1/2019 	312381	914.00	127.00	35.25	29.74	68775.36	97738	0	BartonZwiebach	
503	0:05:18	1/1/2019 	312433	110.00	7.00	6.86	29.74	68775.36	1852	0	BartonZwiebach	
504	0:05:18	1/1/2019 	312611	193.00	7.00	9.13	29.74	68775.36	49791	0	BartonZwiebach	
505	0:05:18	1/1/2019 	312915	640.00	9.00	14.45	29.74	68777.66	4005	0	BartonZwiebach	
506	0:05:19	1/1/2019 	313156	168.00	7.00	8.50	29.74	68780.13	1849	0	BartonZwiebach	
507	0:05:19	1/1/2019 	313344	823.00	64.00	24.04	29.74	68780.13	1851	0	BartonZwiebach	
508	0:05:20	1/1/2019 	314006	969.00	328.00	61.89	29.74	68782.34	49792	0	BartonZwiebach	
509	0:05:20	1/1/2019 	314665	651.00	9.00	14.53	29.73	68786.72	49800	0	BartonZwiebach	
510	0:05:20	1/1/2019 	314881	867.00	72.00	25.18	29.73	68786.72	1849	0	BartonZwiebach	
511	0:05:21	1/1/2019 	314977	445.00	8.00	12.45	29.73	68786.72	3864	0	BartonZwiebach	
512	0:05:21	1/1/2019 	315226	156.00	7.00	8.18	29.73	68789.02	1848	0	BartonZwiebach	
513	0:05:22	1/1/2019 	316075	791.00	37.00	21.14	29.73	68793.14	49789	0	BartonZwiebach	
514	0:05:23	1/1/2019 	317478	914.00	118.00	33.52	29.73	68796.73	49795	0	BartonZwiebach	
515	0:05:23	1/1/2019 	317694	99.00	7.00	6.57	29.73	68799.03	49795	0	BartonZwiebach	
516	0:05:24	1/1/2019 	318313	367.00	7.00	11.78	29.73	68801.02	1848	0	BartonZwiebach	
517	0:05:24	1/1/2019 	318680	144.00	7.00	7.84	29.73	68802.91	51806	0	BartonZwiebach	
518	0:05:24	1/1/2019 	318774	688.00	12.00	15.63	29.73	68802.91	1849	0	BartonZwiebach	
519	0:05:25	1/1/2019 	319057	78.00	7.00	6.10	29.73	68804.89	1849	0	BartonZwiebach	
520	0:05:25	1/1/2019 	319460	287.00	7.00	10.85	29.73	68804.89	1850	0	BartonZwiebach	
521	0:05:25	1/1/2019 	319830	75.00	7.00	6.05	29.73	68807.03	49791	0	BartonZwiebach	
522	0:05:26	1/1/2019 	320160	634.00	9.00	14.40	29.72	68809.09	2607	0	BartonZwiebach	
523	0:05:26	1/1/2019 	320462	955.00	160.00	40.80	29.72	68809.09	3983	0	BartonZwiebach	
524	0:05:26	1/1/2019 	320686	832.00	62.00	23.83	29.72	68811.07	49797	0	BartonZwiebach	
525	0:05:28	1/1/2019 	322202	69.00	7.00	5.96	29.72	68816.91	49792	0	BartonZwiebach	
526	0:05:28	1/1/2019 	322885	856.00	78.00	26.02	29.72	68818.80	49790	0	BartonZwiebach	
527	0:05:29	1/1/2019 	322962	177.00	6.00	8.73	29.72	68820.78	1850	0	BartonZwiebach	
528	0:05:29	1/1/2019 	323476	817.00	52.00	22.73	29.72	68822.76	1848	0	BartonZwiebach	
529	0:05:30	1/1/2019 	324106	240.00	7.00	10.09	29.72	68824.47	51839	0	BartonZwiebach	
530	0:05:30	1/1/2019 	324622	85.00	7.00	6.23	29.72	68826.28	49793	0	BartonZwiebach	
531	0:05:30	1/1/2019 	324901	537.00	8.00	13.15	29.72	68828.26	1849	0	BartonZwiebach	
532	0:05:31	1/1/2019 	325383	101.00	6.00	6.62	29.71	68830.14	1847	0	BartonZwiebach	
533	0:05:31	1/1/2019 	325606	282.00	8.00	10.80	29.71	68830.14	49790	0	BartonZwiebach	
534	0:05:32	1/1/2019 	326402	973.00	424.00	77.73	29.71	68833.69	1849	0	BartonZwiebach	
535	0:05:32	1/1/2019 	326782	824.00	56.00	23.15	29.71	68833.69	51792	0	BartonZwiebach	
536	0:05:33	1/1/2019 	327658	864.00	77.00	25.89	29.71	68837.80	49795	0	BartonZwiebach	
537	0:05:35	1/1/2019 	329214	570.00	8.00	13.49	29.71	68843.97	49794	0	BartonZwiebach	
538	0:05:35	1/1/2019 	329681	66.00	7.00	5.93	29.71	68846.20	49791	0	BartonZwiebach	
539	0:05:35	1/1/2019 	329704	922.00	130.00	35.82	29.71	68846.20	2607	0	BartonZwiebach	
540	0:05:36	1/1/2019 	330049	833.00	69.00	24.69	29.71	68848.66	1852	0	BartonZwiebach	
541	0:05:36	1/1/2019 	330624	177.00	7.00	8.74	29.71	68851.13	51929	0	BartonZwiebach	
542	0:05:36	1/1/2019 	330810	105.00	6.00	6.72	29.70	68853.18	1848	0	BartonZwiebach	
543	0:05:38	1/1/2019 	332490	89.00	7.00	6.32	29.70	68860.33	49788	0	BartonZwiebach	
544	0:05:39	1/1/2019 	333410	117.00	7.00	7.06	29.70	68864.86	49791	0	BartonZwiebach	
545	0:05:40	1/1/2019 	334372	632.00	9.00	14.39	29.70	68869.64	49791	0	BartonZwiebach	
546	0:05:42	1/1/2019 	336211	160.00	7.00	8.29	29.69	68878.20	97734	0	BartonZwiebach	
547	0:05:43	1/1/2019 	337411	751.00	25.00	19.25	29.69	68882.80	51784	0	BartonZwiebach	
548	0:05:44	1/1/2019 	338643	106.00	7.00	6.75	29.69	68889.15	97734	0	BartonZwiebach	
549	0:05:45	1/1/2019 	339038	400.00	7.00	12.05	29.69	68889.15	1850	0	BartonZwiebach	
550	0:05:45	1/1/2019 	339418	72.00	7.00	6.00	29.69	68891.03	1850	0	BartonZwiebach	
551	0:05:46	1/1/2019 	339968	96.00	7.00	6.49	29.69	68893.17	49792	0	BartonZwiebach	
552	0:05:46	1/1/2019 	340769	930.00	140.00	37.63	29.69	68897.03	50550	0	BartonZwiebach	
553	0:05:46	1/1/2019 	340837	71.00	6.00	5.99	29.69	68897.03	3985	0	BartonZwiebach	
554	0:05:47	1/1/2019 	341249	61.00	6.00	5.89	29.69	68899.00	1848	0	BartonZwiebach	
555	0:05:49	1/1/2019 	343019	689.00	12.00	15.63	29.68	68904.69	97729	0	BartonZwiebach	
556	0:05:49	1/1/2019 	343564	131.00	6.00	7.46	29.68	68908.48	49793	0	BartonZwiebach	
557	0:05:50	1/1/2019 	344461	808.00	46.00	22.12	29.68	68910.36	1848	0	BartonZwiebach	
558	0:05:50	1/1/2019 	344859	59.00	6.00	5.88	29.68	68912.33	49793	0	BartonZwiebach	
559	0:05:52	1/1/2019 	346910	143.00	7.00	7.81	29.68	68919.99	99782	0	BartonZwiebach	
560	0:05:53	1/1/2019 	347163	430.00	8.00	12.35	29.68	68921.97	1850	0	BartonZwiebach	
561	0:05:53	1/1/2019 	347397	342.00	7.00	11.53	29.68	68921.97	1848	0	BartonZwiebach	
562	0:05:53	1/1/2019 	347625	192.00	7.00	9.10	29.68	68923.52	49790	0	BartonZwiebach	
563	0:05:54	1/1/2019 	348297	442.00	8.00	12.43	29.68	68925.33	1849	0	BartonZwiebach	
564	0:05:54	1/1/2019 	348698	865.00	78.00	26.05	29.67	68926.88	49792	0	BartonZwiebach	
565	0:05:54	1/1/2019 	348883	917.00	121.00	34.11	29.67	68926.88	3844	0	BartonZwiebach	
566	0:05:55	1/1/2019 	349425	250.00	7.00	10.27	29.67	68928.70	1850	0	BartonZwiebach	
567	0:05:57	1/1/2019 	351183	793.00	40.00	21.48	29.67	68935.38	97739	0	BartonZwiebach	
568	0:05:58	1/1/2019 	352231	123.00	6.00	7.23	29.67	68938.75	50753	0	BartonZwiebach	
569	0:05:58	1/1/2019 	352415	124.00	7.00	7.26	29.67	68940.56	1849	0	BartonZwiebach	
570	0:05:59	1/1/2019 	353348	92.00	6.00	6.39	29.67	68942.21	49790	0	BartonZwiebach	
571	0:06:02	1/1/2019 	356067	538.00	7.00	13.03	29.66	68952.25	147805	0	BartonZwiebach	
572	0:06:02	1/1/2019 	356211	122.00	7.00	7.20	29.66	68952.25	1851	0	BartonZwiebach	
573	0:06:02	1/1/2019 	356332	102.00	7.00	6.64	29.66	68953.96	1849	0	BartonZwiebach	
574	0:06:04	1/1/2019 	358119	485.00	7.00	12.62	29.66	68958.80	97730	0	BartonZwiebach	
575	0:06:05	1/1/2019 	359214	773.00	29.00	20.02	29.66	68962.27	49794	0	BartonZwiebach	
576	0:06:05	1/1/2019 	359458	123.00	7.00	7.23	29.66	68964.07	3846	0	BartonZwiebach	
577	0:06:05	1/1/2019 	359944	80.00	6.00	6.13	29.66	68965.48	49791	0	BartonZwiebach	
578	0:06:06	1/1/2019 	360132	961.00	172.00	42.40	29.66	68965.48	2805	0	BartonZwiebach	
579	0:06:07	1/1/2019 	361363	661.00	10.00	14.88	29.65	68970.16	49798	0	BartonZwiebach	
580	0:06:08	1/1/2019 	362046	118.00	7.00	7.09	29.65	68971.80	49793	0	BartonZwiebach	
581	0:06:08	1/1/2019 	362331	208.00	7.00	9.46	29.65	68973.05	1850	0	BartonZwiebach	
582	0:06:08	1/1/2019 	362892	457.00	7.00	12.44	29.65	68974.53	51926	0	BartonZwiebach	
583	0:06:11	1/1/2019 	365322	82.00	7.00	6.17	29.65	68981.75	97735	0	BartonZwiebach	
584	0:06:15	1/1/2019 	369189	604.00	8.00	13.88	29.64	68992.77	193616	0	BartonZwiebach	
585	0:06:15	1/1/2019 	369294	976.00	297.00	56.58	29.64	68992.77	1850	0	BartonZwiebach	
586	0:06:15	1/1/2019 	369802	239.00	7.00	10.08	29.64	68993.84	49798	0	BartonZwiebach	
587	0:06:16	1/1/2019 	370305	568.00	7.00	13.32	29.64	68995.33	2804	0	BartonZwiebach	
588	0:06:19	1/1/2019 	373092	90.00	7.00	6.34	29.63	69004.05	147811	0	BartonZwiebach	
589	0:06:19	1/1/2019 	373242	149.00	7.00	7.98	29.63	69004.05	1850	0	BartonZwiebach	
590	0:06:19	1/1/2019 	373386	110.00	7.00	6.86	29.63	69004.05	1849	0	BartonZwiebach	
591	0:06:19	1/1/2019 	373427	76.00	7.00	6.06	29.63	69004.05	1848	0	BartonZwiebach	
592	0:06:19	1/1/2019 	373770	588.00	8.00	13.70	29.63	69005.53	49790	0	BartonZwiebach	
593	0:06:20	1/1/2019 	374166	301.00	7.00	11.04	29.63	69006.91	1848	0	BartonZwiebach	
594	0:06:21	1/1/2019 	375018	899.00	104.00	30.75	29.63	69009.55	51787	0	BartonZwiebach	
595	0:06:22	1/1/2019 	376009	869.00	87.00	27.52	29.63	69012.27	49797	0	BartonZwiebach	
596	0:06:22	1/1/2019 	376760	265.00	7.00	10.52	29.63	69013.59	49795	0	BartonZwiebach	
597	0:06:22	1/1/2019 	376816	103.00	7.00	6.67	29.63	69013.59	1849	0	BartonZwiebach	
598	0:06:23	1/1/2019 	377626	738.00	19.00	17.86	29.63	69015.97	49790	0	BartonZwiebach	
599	0:06:23	1/1/2019 	377840	192.00	6.00	9.09	29.63	69015.97	1851	0	BartonZwiebach	
600	0:06:26	1/1/2019 	380079	114.00	7.00	6.97	29.62	69022.21	99726	0	BartonZwiebach	
601	0:06:26	1/1/2019 	380224	96.00	7.00	6.49	29.62	69022.21	2805	0	BartonZwiebach	
602	0:06:26	1/1/2019 	380234	369.00	8.00	11.85	29.62	69022.21	1848	0	BartonZwiebach	
603	0:06:26	1/1/2019 	380827	203.00	7.00	9.35	29.62	69023.53	49791	0	BartonZwiebach	
604	0:06:27	1/1/2019 	381297	138.00	7.00	7.67	29.62	69024.84	1849	0	BartonZwiebach	
605	0:06:27	1/1/2019 	381742	776.00	31.00	20.33	29.62	69025.74	49792	0	BartonZwiebach	
606	0:06:28	1/1/2019 	382021	142.00	7.00	7.78	29.62	69027.05	3985	0	BartonZwiebach	
607	0:06:28	1/1/2019 	382309	578.00	7.00	13.42	29.62	69028.13	1850	0	BartonZwiebach	
608	0:06:30	1/1/2019 	383976	602.00	8.00	13.85	29.62	69031.92	97735	0	BartonZwiebach	
609	0:06:30	1/1/2019 	384453	872.00	80.00	26.38	29.62	69033.00	1849	0	BartonZwiebach	
610	0:06:31	1/1/2019 	385807	90.00	7.00	6.34	29.61	69036.52	97739	0	BartonZwiebach	
611	0:06:32	1/1/2019 	385969	464.00	8.00	12.58	29.61	69036.52	1850	0	BartonZwiebach	
612	0:06:32	1/1/2019 	386010	968.00	189.00	44.33	29.61	69036.52	3843	0	BartonZwiebach	
613	0:06:32	1/1/2019 	386243	105.00	7.00	6.72	29.61	69038.00	1850	0	BartonZwiebach	
614	0:06:36	1/1/2019 	389996	960.00	224.00	47.65	29.61	69047.45	193613	0	BartonZwiebach	
615	0:06:36	1/1/2019 	390285	553.00	8.00	13.31	29.61	69048.94	2807	0	BartonZwiebach	
616	0:06:36	1/1/2019 	390669	540.00	7.00	13.05	29.60	69050.34	49789	0	BartonZwiebach	
617	0:06:37	1/1/2019 	391753	139.00	7.00	7.70	29.60	69053.20	49792	0	BartonZwiebach	
618	0:06:37	1/1/2019 	391779	62.00	6.00	5.90	29.60	69053.20	3986	0	BartonZwiebach	
619	0:06:37	1/1/2019 	391807	639.00	9.00	14.45	29.60	69053.20	1849	0	BartonZwiebach	
620	0:06:38	1/1/2019 	392016	99.00	7.00	6.57	29.60	69053.20	1849	0	BartonZwiebach	
621	0:06:38	1/1/2019 	392746	900.00	109.00	31.73	29.60	69056.50	49793	0	BartonZwiebach	
622	0:06:40	1/1/2019 	394004	688.00	12.00	15.63	29.60	69059.55	49796	0	BartonZwiebach	
623	0:06:40	1/1/2019 	394376	225.00	7.00	9.81	29.60	69061.20	1851	0	BartonZwiebach	
624	0:06:40	1/1/2019 	394899	190.00	7.00	9.06	29.60	69062.58	51784	0	BartonZwiebach	
625	0:06:41	1/1/2019 	395142	128.00	7.00	7.38	29.60	69064.06	1849	0	BartonZwiebach	
626	0:06:41	1/1/2019 	395631	969.00	262.00	51.64	29.60	69065.55	49792	0	BartonZwiebach	
627	0:06:42	1/1/2019 	396039	136.00	7.00	7.61	29.60	69065.55	1851	0	BartonZwiebach	
628	0:06:42	1/1/2019 	396667	164.00	7.00	8.40	29.59	69068.25	49791	0	BartonZwiebach	
629	0:06:42	1/1/2019 	396818	700.00	13.00	15.99	29.59	69068.25	1849	0	BartonZwiebach	
630	0:06:43	1/1/2019 	397068	108.00	7.00	6.81	29.59	69069.89	3845	0	BartonZwiebach	
631	0:06:44	1/1/2019 	397977	111.00	7.00	6.89	29.59	69070.97	49790	0	BartonZwiebach	
632	0:06:44	1/1/2019 	398441	743.00	21.00	18.37	29.59	69072.45	1851	0	BartonZwiebach	
633	0:06:44	1/1/2019 	398594	872.00	77.00	25.92	29.59	69074.09	49793	0	BartonZwiebach	
634	0:06:44	1/1/2019 	398835	238.00	7.00	10.06	29.59	69074.09	1851	0	BartonZwiebach	
635	0:06:45	1/1/2019 	399436	100.00	7.00	6.59	29.59	69075.32	1850	0	BartonZwiebach	
636	0:06:46	1/1/2019 	400417	170.00	7.00	8.56	29.59	69078.12	51786	0	BartonZwiebach	
637	0:06:47	1/1/2019 	401296	469.00	7.00	12.52	29.59	69080.68	50747	0	BartonZwiebach	
638	0:06:47	1/1/2019 	401665	68.00	7.00	5.95	29.58	69081.75	49792	0	BartonZwiebach	
639	0:06:48	1/1/2019 	401954	573.00	7.00	13.37	29.58	69083.23	1848	0	BartonZwiebach	
640	0:06:48	1/1/2019 	402091	465.00	8.00	12.58	29.58	69083.23	1849	0	BartonZwiebach	
641	0:06:48	1/1/2019 	402107	732.00	17.00	17.30	29.58	69083.23	1847	0	BartonZwiebach	
642	0:06:48	1/1/2019 	402461	958.00	162.00	41.08	29.58	69084.72	3985	0	BartonZwiebach	
643	0:06:49	1/1/2019 	403388	107.00	7.00	6.78	29.58	69086.20	49797	0	BartonZwiebach	
644	0:06:51	1/1/2019 	405083	93.00	6.00	6.41	29.58	69090.61	97733	0	BartonZwiebach	
645	0:06:51	1/1/2019 	405727	74.00	7.00	6.03	29.58	69092.09	49789	0	BartonZwiebach	
646	0:06:52	1/1/2019 	406287	726.00	17.00	17.28	29.58	69093.17	1848	0	BartonZwiebach	
647	0:06:52	1/1/2019 	406289	880.00	90.00	28.08	29.58	69093.17	1852	0	BartonZwiebach	
648	0:06:52	1/1/2019 	406315	618.00	9.00	14.24	29.58	69093.17	3897	0	BartonZwiebach	
649	0:06:52	1/1/2019 	406648	577.00	8.00	13.57	29.58	69094.49	49792	0	BartonZwiebach	
650	0:06:52	1/1/2019 	406821	122.00	7.00	7.20	29.58	69094.49	1848	0	BartonZwiebach	
651	0:06:53	1/1/2019 	407021	129.00	7.00	7.41	29.57	69095.55	1848	0	BartonZwiebach	
652	0:06:53	1/1/2019 	407429	182.00	7.00	8.86	29.57	69097.03	1851	0	BartonZwiebach	
653	0:06:54	1/1/2019 	408397	74.00	7.00	6.03	29.57	69099.42	49790	0	BartonZwiebach	
654	0:06:54	1/1/2019 	408786	231.00	7.00	9.93	29.57	69099.42	51785	0	BartonZwiebach	
655	0:06:55	1/1/2019 	409119	713.00	15.00	16.66	29.57	69100.91	1849	0	BartonZwiebach	
656	0:06:56	1/1/2019 	410807	970.00	316.00	59.76	29.57	69105.48	97740	0	BartonZwiebach	
657	0:06:57	1/1/2019 	411059	600.00	8.00	13.83	29.57	69105.48	2807	0	BartonZwiebach	
658	0:06:57	1/1/2019 	411167	110.00	7.00	6.86	29.57	69105.48	1848	0	BartonZwiebach	
659	0:06:57	1/1/2019 	411610	166.00	7.00	8.45	29.57	69106.64	49791	0	BartonZwiebach	
660	0:06:57	1/1/2019 	411802	92.00	7.00	6.39	29.57	69107.95	3984	0	BartonZwiebach	
661	0:06:58	1/1/2019 	412595	243.00	7.00	10.15	29.56	69109.03	49791	0	BartonZwiebach	
662	0:06:59	1/1/2019 	413262	462.00	8.00	12.56	29.56	69111.66	1851	0	BartonZwiebach	
663	0:06:59	1/1/2019 	413298	533.00	8.00	13.11	29.56	69111.66	1848	0	BartonZwiebach	
664	0:07:00	1/1/2019 	414117	793.00	41.00	21.58	29.56	69112.72	49790	0	BartonZwiebach	
665	0:07:01	1/1/2019 	415119	177.00	7.00	8.74	29.56	69115.26	51790	0	BartonZwiebach	
666	0:07:01	1/1/2019 	415607	661.00	10.00	14.88	29.56	69116.41	49794	0	BartonZwiebach	
667	0:07:02	1/1/2019 	416044	725.00	17.00	17.28	29.56	69117.89	1849	0	BartonZwiebach	
668	0:07:03	1/1/2019 	417062	151.00	6.00	8.03	29.56	69120.14	49794	0	BartonZwiebach	
669	0:07:03	1/1/2019 	417119	372.00	7.00	11.82	29.56	69120.14	1851	0	BartonZwiebach	
670	0:07:04	1/1/2019 	418573	842.00	68.00	24.58	29.55	69123.91	97737	0	BartonZwiebach	
671	0:07:04	1/1/2019 	418797	69.00	2.00	5.96	29.55	69126.05	3845	0	BartonZwiebach	
672	0:07:06	1/1/2019 	420676	214.00	7.00	9.59	29.55	69139.86	97729	0	BartonZwiebach	
673	0:07:07	1/1/2019 	421292	498.00	8.00	12.81	29.55	69142.98	2805	0	BartonZwiebach	
674	0:07:07	1/1/2019 	421606	509.00	7.00	12.79	29.54	69146.02	49791	0	BartonZwiebach	
675	0:07:07	1/1/2019 	421932	64.00	6.00	5.91	29.54	69146.02	1849	0	BartonZwiebach	
676	0:07:09	1/1/2019 	423024	852.00	68.00	24.60	29.54	69152.28	49789	0	BartonZwiebach	
677	0:07:09	1/1/2019 	423737	121.00	7.00	7.18	29.54	69157.80	51984	0	BartonZwiebach	
678	0:07:10	1/1/2019 	424455	123.00	7.00	7.23	29.54	69160.33	1848	0	BartonZwiebach	
679	0:07:11	1/1/2019 	425256	907.00	105.00	30.97	29.54	69165.77	49792	0	BartonZwiebach	
680	0:07:11	1/1/2019 	425632	420.00	7.00	12.20	29.54	69168.00	49796	0	BartonZwiebach	
681	0:07:12	1/1/2019 	426113	110.00	7.00	6.86	29.54	69170.30	1849	0	BartonZwiebach	
682	0:07:12	1/1/2019 	426865	978.00	527.00	90.64	29.54	69172.77	49792	0	BartonZwiebach	
683	0:07:13	1/1/2019 	426969	161.00	7.00	8.32	29.53	69174.98	3843	0	BartonZwiebach	
684	0:07:13	1/1/2019 	427006	72.00	6.00	6.00	29.53	69174.98	1849	0	BartonZwiebach	
685	0:07:13	1/1/2019 	427630	134.00	7.00	7.55	29.53	69177.45	49788	0	BartonZwiebach	
686	0:07:13	1/1/2019 	427826	810.00	48.00	22.32	29.53	69177.45	1849	0	BartonZwiebach	
687	0:07:13	1/1/2019 	427897	193.00	7.00	9.13	29.53	69177.45	1849	0	BartonZwiebach	
688	0:07:14	1/1/2019 	427993	965.00	234.00	48.60	29.53	69179.67	1850	0	BartonZwiebach	
689	0:07:14	1/1/2019 	428704	538.00	8.00	13.15	29.53	69181.81	51792	0	BartonZwiebach	
690	0:07:15	1/1/2019 	429563	456.00	8.00	12.52	29.53	69186.19	49790	0	BartonZwiebach	
691	0:07:15	1/1/2019 	429760	87.00	6.00	6.28	29.53	69186.19	2803	0	BartonZwiebach	
692	0:07:15	1/1/2019 	429801	821.00	51.00	22.64	29.53	69186.19	1848	0	BartonZwiebach	
693	0:07:16	1/1/2019 	430075	143.00	7.00	7.81	29.53	69188.33	1849	0	BartonZwiebach	
694	0:07:17	1/1/2019 	431335	163.00	7.00	8.37	29.53	69192.67	49791	0	BartonZwiebach	
695	0:07:18	1/1/2019 	432017	424.00	8.00	12.30	29.53	69196.95	51925	0	BartonZwiebach	
696	0:07:18	1/1/2019 	432479	154.00	7.00	8.12	29.53	69198.92	1849	0	BartonZwiebach	
697	0:07:18	1/1/2019 	432697	142.00	7.00	7.78	29.53	69198.92	49789	0	BartonZwiebach	
698	0:07:18	1/1/2019 	432749	404.00	8.00	12.15	29.53	69198.92	1849	0	BartonZwiebach	
699	0:07:19	1/1/2019 	433278	831.00	65.00	24.18	29.52	69200.48	1848	0	BartonZwiebach	
700	0:07:19	1/1/2019 	433456	415.00	7.00	12.17	29.52	69202.28	1851	0	BartonZwiebach	
701	0:07:19	1/1/2019 	433802	77.00	7.00	6.08	29.52	69202.28	51785	0	BartonZwiebach	
702	0:07:20	1/1/2019 	434287	794.00	42.00	21.69	29.52	69204.27	1850	0	BartonZwiebach	
703	0:07:20	1/1/2019 	434878	976.00	375.00	70.30	29.52	69207.64	49794	0	BartonZwiebach	
704	0:07:21	1/1/2019 	435334	158.00	7.00	8.23	29.52	69209.45	1850	0	BartonZwiebach	
705	0:07:21	1/1/2019 	435478	904.00	101.00	30.19	29.52	69209.45	1850	0	BartonZwiebach	
706	0:07:21	1/1/2019 	435485	70.00	6.00	5.97	29.52	69209.45	1850	0	BartonZwiebach	
707	0:07:22	1/1/2019 	436703	679.00	11.00	15.27	29.52	69213.08	99724	0	BartonZwiebach	
708	0:07:23	1/1/2019 	437215	98.00	7.00	6.54	29.52	69214.30	1851	0	BartonZwiebach	
709	0:07:24	1/1/2019 	437950	160.00	7.00	8.29	29.52	69217.92	49789	0	BartonZwiebach	
710	0:07:25	1/1/2019 	439261	68.00	7.00	5.95	29.52	69222.53	49789	0	BartonZwiebach	
711	0:07:25	1/1/2019 	439675	812.00	44.00	21.93	29.52	69222.53	49791	0	BartonZwiebach	
712	0:07:25	1/1/2019 	439680	922.00	128.00	35.45	29.52	69222.53	2805	0	BartonZwiebach	
713	0:07:26	1/1/2019 	440487	125.00	6.00	7.29	29.52	69225.55	3984	0	BartonZwiebach	
714	0:07:27	1/1/2019 	441220	57.00	7.00	5.88	29.52	69228.35	49790	0	BartonZwiebach	
715	0:07:27	1/1/2019 	441395	142.00	7.00	7.78	29.52	69228.35	1851	0	BartonZwiebach	
716	0:07:27	1/1/2019 	441413	134.00	7.00	7.55	29.52	69228.35	1849	0	BartonZwiebach	
717	0:07:27	1/1/2019 	441654	886.00	96.00	29.19	29.52	69228.35	49788	0	BartonZwiebach	
718	0:07:28	1/1/2019 	442216	620.00	9.00	14.26	29.51	69231.41	1849	0	BartonZwiebach	
719	0:07:28	1/1/2019 	442435	398.00	7.00	12.04	29.51	69231.41	3845	0	BartonZwiebach	
720	0:07:28	1/1/2019 	442828	969.00	278.00	53.73	29.51	69233.38	49790	0	BartonZwiebach	
721	0:07:28	1/1/2019 	442855	262.00	7.00	10.47	29.51	69233.38	1850	0	BartonZwiebach	
722	0:07:29	1/1/2019 	443121	382.00	8.00	11.97	29.51	69233.38	1849	0	BartonZwiebach	
723	0:07:29	1/1/2019 	443942	140.00	7.00	7.73	29.51	69237.83	49789	0	BartonZwiebach	
724	0:07:30	1/1/2019 	444023	894.00	103.00	30.54	29.51	69237.83	1850	0	BartonZwiebach	
725	0:07:30	1/1/2019 	444214	82.00	7.00	6.17	29.51	69239.54	3845	0	BartonZwiebach	
726	0:07:31	1/1/2019 	445474	966.00	247.00	49.93	29.51	69243.82	49791	0	BartonZwiebach	
727	0:07:31	1/1/2019 	445557	103.00	6.00	6.67	29.51	69243.82	49797	0	BartonZwiebach	
728	0:07:32	1/1/2019 	445974	126.00	7.00	7.32	29.51	69245.80	1849	0	BartonZwiebach	
729	0:07:32	1/1/2019 	446435	984.00	532.00	91.42	29.51	69247.94	1850	0	BartonZwiebach	
730	0:07:32	1/1/2019 	446600	800.00	42.00	21.70	29.51	69250.08	49803	0	BartonZwiebach	
731	0:07:33	1/1/2019 	447116	144.00	6.00	7.84	29.51	69251.81	3843	0	BartonZwiebach	
732	0:07:33	1/1/2019 	447290	378.00	7.00	11.87	29.51	69251.81	1850	0	BartonZwiebach	
733	0:07:35	1/1/2019 	449072	70.00	6.00	5.97	29.51	69259.38	97733	0	BartonZwiebach	
734	0:07:35	1/1/2019 	449899	113.00	7.00	6.95	29.51	69261.19	49795	0	BartonZwiebach	
735	0:07:36	1/1/2019 	450665	186.00	7.00	8.96	29.51	69264.72	50744	0	BartonZwiebach	
736	0:07:36	1/1/2019 	450791	269.00	7.00	10.58	29.51	69264.72	1850	0	BartonZwiebach	
737	0:07:36	1/1/2019 	450948	830.00	65.00	24.18	29.51	69264.72	3984	0	BartonZwiebach	
738	0:07:37	1/1/2019 	451630	146.00	7.00	7.90	29.51	69268.34	49792	0	BartonZwiebach	
739	0:07:39	1/1/2019 	453006	684.00	11.00	15.29	29.51	69273.77	49789	0	BartonZwiebach	
740	0:07:39	1/1/2019 	453148	520.00	10.00	13.20	29.51	69273.77	1851	0	BartonZwiebach	
741	0:07:39	1/1/2019 	453824	460.00	7.00	12.46	29.51	69275.41	49791	0	BartonZwiebach	
742	0:07:39	1/1/2019 	453885	475.00	7.00	12.56	29.51	69275.41	1850	0	BartonZwiebach	
743	0:07:40	1/1/2019 	454201	182.00	7.00	8.86	29.50	69276.97	3843	0	BartonZwiebach	
744	0:07:40	1/1/2019 	454466	58.00	6.00	5.88	29.50	69278.61	1850	0	BartonZwiebach	
745	0:07:41	1/1/2019 	455582	728.00	17.00	17.29	29.50	69281.91	97729	0	BartonZwiebach	
746	0:07:42	1/1/2019 	455953	425.00	7.00	12.24	29.50	69283.72	1852	0	BartonZwiebach	
747	0:07:42	1/1/2019 	456670	63.00	6.00	5.91	29.50	69285.20	49792	0	BartonZwiebach	
748	0:07:43	1/1/2019 	457712	743.00	22.00	18.60	29.50	69288.10	49787	0	BartonZwiebach	
749	0:07:44	1/1/2019 	458053	469.00	7.00	12.52	29.50	69288.43	3900	0	BartonZwiebach	
750	0:07:44	1/1/2019 	458276	62.00	7.00	5.90	29.50	69288.43	1850	0	BartonZwiebach	
751	0:07:45	1/1/2019 	459059	286.00	7.00	10.83	29.50	69291.89	49788	0	BartonZwiebach	
752	0:07:46	1/1/2019 	460112	131.00	6.00	7.46	29.50	69295.91	49793	0	BartonZwiebach	
753	0:07:47	1/1/2019 	461488	151.00	7.00	8.04	29.50	69302.66	50746	0	BartonZwiebach	
754	0:07:48	1/1/2019 	462780	564.00	8.00	13.43	29.50	69311.45	97729	0	BartonZwiebach	
755	0:07:48	1/1/2019 	462856	222.00	7.00	9.75	29.50	69311.45	3928	0	BartonZwiebach	
756	0:07:48	1/1/2019 	462915	81.00	6.00	6.15	29.50	69311.45	1849	0	BartonZwiebach	
757	0:07:49	1/1/2019 	463701	797.00	40.00	21.48	29.50	71241.30	49790	0	BartonZwiebach	
758	0:07:49	1/1/2019 	463827	921.00	128.00	35.45	29.50	73074.91	1851	0	BartonZwiebach	
759	0:07:50	1/1/2019 	464283	968.00	279.00	53.87	29.51	74795.47	1849	0	BartonZwiebach	
760	0:07:50	1/1/2019 	464455	201.00	7.00	9.31	29.51	74795.47	6317	0	BartonZwiebach	
761	0:07:50	1/1/2019 	464682	540.00	7.00	13.05	29.51	74795.47	49789	0	BartonZwiebach	
762	0:07:50	1/1/2019 	464824	81.00	8.00	6.15	29.51	76409.66	1849	0	BartonZwiebach	
763	0:07:51	1/1/2019 	465058	136.00	7.00	7.61	29.51	76409.66	1847	0	BartonZwiebach	
764	0:07:51	1/1/2019 	465078	142.00	7.00	7.78	29.51	76409.66	1850	0	BartonZwiebach	
765	0:07:52	1/1/2019 	466392	174.00	7.00	8.66	29.51	80675.88	49790	0	BartonZwiebach	
766	0:07:52	1/1/2019 	466853	57.00	7.00	5.88	29.51	81925.38	51787	0	BartonZwiebach	
767	0:07:53	1/1/2019 	467224	734.00	19.00	17.85	29.51	83097.19	1855	0	BartonZwiebach	
768	0:07:53	1/1/2019 	467909	922.00	130.00	35.82	29.51	84196.79	49792	0	BartonZwiebach	
769	0:07:55	1/1/2019 	469854	970.00	308.00	58.39	29.51	87952.19	97742	0	BartonZwiebach	
770	0:07:58	1/1/2019 	472252	161.00	7.00	8.32	29.51	91473.28	98503	0	BartonZwiebach	
771	0:07:58	1/1/2019 	472676	834.00	63.00	23.95	29.51	92051.78	49791	0	BartonZwiebach	
772	0:07:58	1/1/2019 	472765	705.00	13.00	16.00	29.51	92051.78	3986	0	BartonZwiebach	
773	0:07:59	1/1/2019 	473055	537.00	8.00	13.15	29.51	92051.78	1850	0	BartonZwiebach	
774	0:08:00	1/1/2019 	474289	924.00	136.00	36.92	29.51	93579.95	49790	0	BartonZwiebach	
775	0:08:01	1/1/2019 	475285	841.00	64.00	24.08	29.51	94446.47	49796	0	BartonZwiebach	
776	0:08:01	1/1/2019 	475609	176.00	6.00	8.70	29.51	94839.72	49792	0	BartonZwiebach	
777	0:08:02	1/1/2019 	475996	460.00	7.00	12.46	29.51	94839.72	1849	0	BartonZwiebach	
778	0:08:02	1/1/2019 	476152	199.00	10.00	9.30	29.51	95208.27	3844	0	BartonZwiebach	
779	0:08:02	1/1/2019 	476165	598.00	8.00	13.81	29.51	95208.27	1849	0	BartonZwiebach	
780	0:08:02	1/1/2019 	476463	872.00	85.00	27.19	29.51	95208.27	1848	0	BartonZwiebach	
781	0:08:04	1/1/2019 	478160	656.00	9.00	14.55	29.51	96467.62	97741	0	BartonZwiebach	
782	0:08:04	1/1/2019 	478566	61.00	6.00	5.89	29.51	96734.67	49796	0	BartonZwiebach	
